200.0 20.0
300.0 20.0
200.0 21.614141414141415
300.0 21.614141414141415
200.0 23.22828282828283
300.0 23.22828282828283
200.0 24.842424242424244
300.0 24.842424242424244
200.0 26.456565656565658
300.0 26.456565656565658
200.0 28.070707070707073
300.0 28.070707070707073
200.0 29.684848484848487
300.0 29.684848484848487
200.0 31.298989898989895
300.0 31.298989898989895
200.0 32.913131313131316
300.0 32.913131313131316
200.0 34.527272727272724
300.0 34.527272727272724
200.0 36.141414141414145
300.0 36.141414141414145
200.0 37.75555555555555
300.0 37.75555555555555
200.0 39.36969696969697
300.0 39.36969696969697
200.0 40.98383838383838
300.0 40.98383838383838
200.0 42.5979797979798
300.0 42.5979797979798
200.0 44.21212121212121
300.0 44.21212121212121
200.0 45.826262626262626
300.0 45.826262626262626
200.0 47.44040404040404
300.0 47.44040404040404
200.0 49.054545454545455
300.0 49.054545454545455
200.0 50.66868686868687
300.0 50.66868686868687
200.0 52.28282828282829
300.0 52.28282828282829
200.0 53.8969696969697
300.0 53.8969696969697
200.0 55.511111111111106
300.0 55.511111111111106
200.0 57.12525252525253
300.0 57.12525252525253
200.0 58.739393939393935
300.0 58.739393939393935
200.0 60.35353535353536
300.0 60.35353535353536
200.0 61.967676767676764
300.0 61.967676767676764
200.0 63.58181818181818
300.0 63.58181818181818
200.0 65.1959595959596
300.0 65.1959595959596
200.0 66.81010101010102
300.0 66.81010101010102
200.0 68.42424242424242
300.0 68.42424242424242
200.0 70.03838383838384
300.0 70.03838383838384
200.0 71.65252525252525
300.0 71.65252525252525
200.0 73.26666666666667
300.0 73.26666666666667
200.0 74.88080808080808
300.0 74.88080808080808
200.0 76.4949494949495
300.0 76.4949494949495
200.0 78.10909090909091
300.0 78.10909090909091
200.0 79.72323232323232
300.0 79.72323232323232
200.0 81.33737373737374
300.0 81.33737373737374
200.0 82.95151515151515
300.0 82.95151515151515
200.0 84.56565656565657
300.0 84.56565656565657
200.0 86.17979797979798
300.0 86.17979797979798
200.0 87.7939393939394
300.0 87.7939393939394
200.0 89.40808080808081
300.0 89.40808080808081
200.0 91.02222222222223
300.0 91.02222222222223
200.0 92.63636363636364
300.0 92.63636363636364
200.0 94.25050505050505
300.0 94.25050505050505
200.0 95.86464646464647
300.0 95.86464646464647
200.0 97.47878787878787
300.0 97.47878787878787
200.0 99.0929292929293
300.0 99.0929292929293
200.0 100.7070707070707
300.0 100.7070707070707
200.0 102.32121212121213
300.0 102.32121212121213
200.0 103.93535353535353
300.0 103.93535353535353
200.0 105.54949494949497
300.0 105.54949494949497
200.0 107.16363636363636
300.0 107.16363636363636
200.0 108.77777777777779
300.0 108.77777777777779
200.0 110.39191919191919
300.0 110.39191919191919
200.0 112.0060606060606
300.0 112.0060606060606
200.0 113.62020202020203
300.0 113.62020202020203
200.0 115.23434343434344
300.0 115.23434343434344
200.0 116.84848484848484
300.0 116.84848484848484
200.0 118.46262626262629
300.0 118.46262626262629
200.0 120.07676767676767
300.0 120.07676767676767
200.0 121.6909090909091
300.0 121.6909090909091
200.0 123.3050505050505
300.0 123.3050505050505
200.0 124.91919191919192
300.0 124.91919191919192
200.0 126.53333333333333
300.0 126.53333333333333
200.0 128.14747474747475
300.0 128.14747474747475
200.0 129.76161616161616
300.0 129.76161616161616
200.0 131.37575757575758
300.0 131.37575757575758
200.0 132.989898989899
300.0 132.989898989899
200.0 134.6040404040404
300.0 134.6040404040404
200.0 136.21818181818182
300.0 136.21818181818182
200.0 137.83232323232323
300.0 137.83232323232323
200.0 139.44646464646465
300.0 139.44646464646465
200.0 141.06060606060606
300.0 141.06060606060606
200.0 142.67474747474748
300.0 142.67474747474748
200.0 144.2888888888889
300.0 144.2888888888889
200.0 145.9030303030303
300.0 145.9030303030303
200.0 147.51717171717172
300.0 147.51717171717172
200.0 149.13131313131314
300.0 149.13131313131314
200.0 150.74545454545455
300.0 150.74545454545455
200.0 152.35959595959596
300.0 152.35959595959596
200.0 153.97373737373738
300.0 153.97373737373738
200.0 155.5878787878788
300.0 155.5878787878788
200.0 157.2020202020202
300.0 157.2020202020202
200.0 158.81616161616162
300.0 158.81616161616162
200.0 160.43030303030304
300.0 160.43030303030304
200.0 162.04444444444445
300.0 162.04444444444445
200.0 163.65858585858587
300.0 163.65858585858587
200.0 165.27272727272728
300.0 165.27272727272728
200.0 166.8868686868687
300.0 166.8868686868687
200.0 168.5010101010101
300.0 168.5010101010101
200.0 170.11515151515152
300.0 170.11515151515152
200.0 171.72929292929294
300.0 171.72929292929294
200.0 173.34343434343435
300.0 173.34343434343435
200.0 174.95757575757574
300.0 174.95757575757574
200.0 176.57171717171718
300.0 176.57171717171718
200.0 178.1858585858586
300.0 178.1858585858586
200.0 179.8
300.0 179.8
