1.0 1.0 2.7071067811865475 2.7071067811865475
2.0 1.0 1.7071067811865475 2.7071067811865475
3.0 1.0 0.7071067811865475 2.7071067811865475
4.0 1.0 -0.29289321881345254 2.7071067811865475
5.0 1.0 -1.2928932188134525 2.7071067811865475
6.0 1.0 -1.7928932188134525 3.2071067811865475
7.0 1.0 -2.2928932188134525 3.7071067811865475
8.0 1.0 -2.7928932188134525 4.207106781186548
9.0 1.0 -3.2928932188134525 4.707106781186548
10.0 1.0 -3.7928932188134525 5.207106781186548
11.0 1.0 -4.292893218813452 5.707106781186548
12.0 1.0 -4.792893218813452 6.207106781186548
13.0 1.0 -5.292893218813452 6.707106781186548
14.0 1.0 -5.792893218813454 7.207106781186546
15.0 1.0 -6.292893218813452 7.707106781186548
16.0 1.0 -6.792893218813452 8.207106781186548
17.0 1.0 -7.292893218813452 8.707106781186548
18.0 1.0 -7.792893218813454 9.207106781186546
19.0 1.0 -8.292893218813452 9.707106781186548
20.0 1.0 -8.792893218813452 10.207106781186548
1.0 2.0 2.7071067811865475 1.7071067811865475
2.0 2.0 1.7071067811865475 1.7071067811865475
3.0 2.0 0.7071067811865475 1.7071067811865475
4.0 2.0 -0.29289321881345254 1.7071067811865475
5.0 2.0 -0.7928932188134525 2.2071067811865475
6.0 2.0 -1.2928932188134525 2.7071067811865475
7.0 2.0 -1.7928932188134525 3.2071067811865475
8.0 2.0 -2.2928932188134525 3.7071067811865475
9.0 2.0 -2.7928932188134525 4.207106781186548
10.0 2.0 -3.2928932188134525 4.707106781186548
11.0 2.0 -3.7928932188134525 5.207106781186548
12.0 2.0 -4.292893218813452 5.707106781186548
13.0 2.0 -4.792893218813452 6.207106781186548
14.0 2.0 -5.292893218813454 6.707106781186546
15.0 2.0 -5.792893218813452 7.207106781186548
16.0 2.0 -6.292893218813452 7.707106781186548
17.0 2.0 -6.792893218813452 8.207106781186548
18.0 2.0 -7.292893218813454 8.707106781186546
19.0 2.0 -7.792893218813452 9.207106781186548
20.0 2.0 -8.292893218813452 9.707106781186548
1.0 3.0 2.7071067811865475 0.7071067811865475
2.0 3.0 1.7071067811865475 0.7071067811865475
3.0 3.0 0.7071067811865475 0.7071067811865475
4.0 3.0 0.20710678118654746 1.2071067811865475
5.0 3.0 -0.29289321881345254 1.7071067811865475
6.0 3.0 -0.7928932188134525 2.2071067811865475
7.0 3.0 -1.2928932188134525 2.7071067811865475
8.0 3.0 -1.7928932188134525 3.2071067811865475
9.0 3.0 -2.2928932188134525 3.7071067811865475
10.0 3.0 -2.7928932188134525 4.207106781186548
11.0 3.0 -3.2928932188134525 4.707106781186548
12.0 3.0 -3.7928932188134525 5.207106781186548
13.0 3.0 -4.292893218813452 5.707106781186548
14.0 3.0 -4.792893218813452 6.207106781186548
15.0 3.0 -5.292893218813452 6.707106781186548
16.0 3.0 -5.792893218813452 7.207106781186548
17.0 3.0 -6.292893218813452 7.707106781186548
18.0 3.0 -6.792893218813454 8.207106781186546
19.0 3.0 -7.292893218813452 8.707106781186548
20.0 3.0 -7.792893218813452 9.207106781186548
1.0 4.0 2.7071067811865475 -0.29289321881345254
2.0 4.0 1.7071067811865475 -0.29289321881345254
3.0 4.0 1.2071067811865475 0.20710678118654746
4.0 4.0 0.7071067811865475 0.7071067811865475
5.0 4.0 0.20710678118654746 1.2071067811865475
6.0 4.0 -0.29289321881345254 1.7071067811865475
7.0 4.0 -0.7928932188134525 2.2071067811865475
8.0 4.0 -1.2928932188134525 2.7071067811865475
9.0 4.0 -1.7928932188134525 3.2071067811865475
10.0 4.0 -2.2928932188134525 3.7071067811865475
11.0 4.0 -2.7928932188134525 4.207106781186548
12.0 4.0 -3.2928932188134525 4.707106781186548
13.0 4.0 -3.7928932188134525 5.207106781186548
14.0 4.0 -4.292893218813454 5.707106781186546
15.0 4.0 -4.792893218813452 6.207106781186548
16.0 4.0 -5.292893218813452 6.707106781186548
17.0 4.0 -5.792893218813452 7.207106781186548
18.0 4.0 -6.292893218813454 7.707106781186546
19.0 4.0 -6.792893218813452 8.207106781186548
20.0 4.0 -7.292893218813452 8.707106781186548
1.0 5.0 2.7071067811865475 -1.2928932188134525
2.0 5.0 2.2071067811865475 -0.7928932188134525
3.0 5.0 1.7071067811865475 -0.29289321881345254
4.0 5.0 1.2071067811865475 0.20710678118654746
5.0 5.0 0.7071067811865475 0.7071067811865475
6.0 5.0 0.20710678118654746 1.2071067811865475
7.0 5.0 -0.29289321881345254 1.7071067811865475
8.0 5.0 -0.7928932188134525 2.2071067811865475
9.0 5.0 -1.2928932188134525 2.7071067811865475
10.0 5.0 -1.7928932188134525 3.2071067811865475
11.0 5.0 -2.2928932188134525 3.7071067811865475
12.0 5.0 -2.7928932188134525 4.207106781186548
13.0 5.0 -3.2928932188134525 4.707106781186548
14.0 5.0 -3.7928932188134543 5.207106781186546
15.0 5.0 -4.292893218813452 5.707106781186548
16.0 5.0 -4.792893218813452 6.207106781186548
17.0 5.0 -5.292893218813452 6.707106781186548
18.0 5.0 -5.792893218813454 7.207106781186546
19.0 5.0 -6.292893218813452 7.707106781186548
20.0 5.0 -6.792893218813452 8.207106781186548
1.0 6.0 3.2071067811865475 -1.7928932188134525
2.0 6.0 2.7071067811865475 -1.2928932188134525
3.0 6.0 2.2071067811865475 -0.7928932188134525
4.0 6.0 1.7071067811865475 -0.29289321881345254
5.0 6.0 1.2071067811865475 0.20710678118654746
6.0 6.0 0.7071067811865475 0.7071067811865475
7.0 6.0 0.20710678118654746 1.2071067811865475
8.0 6.0 -0.29289321881345254 1.7071067811865475
9.0 6.0 -0.7928932188134525 2.2071067811865475
10.0 6.0 -1.2928932188134525 2.7071067811865475
11.0 6.0 -1.7928932188134525 3.2071067811865475
12.0 6.0 -2.2928932188134525 3.7071067811865475
13.0 6.0 -2.7928932188134525 4.207106781186548
14.0 6.0 -3.2928932188134543 4.707106781186546
15.0 6.0 -3.7928932188134525 5.207106781186548
16.0 6.0 -4.292893218813452 5.707106781186548
17.0 6.0 -4.792893218813452 6.207106781186548
18.0 6.0 -5.292893218813454 6.707106781186546
19.0 6.0 -5.792893218813452 7.207106781186548
20.0 6.0 -6.292893218813452 7.707106781186548
1.0 7.0 3.7071067811865475 -2.2928932188134525
2.0 7.0 3.2071067811865475 -1.7928932188134525
3.0 7.0 2.7071067811865475 -1.2928932188134525
4.0 7.0 2.2071067811865475 -0.7928932188134525
5.0 7.0 1.7071067811865475 -0.29289321881345254
6.0 7.0 1.2071067811865475 0.20710678118654746
7.0 7.0 0.7071067811865475 0.7071067811865475
8.0 7.0 0.20710678118654746 1.2071067811865475
9.0 7.0 -0.29289321881345254 1.7071067811865475
10.0 7.0 -0.7928932188134525 2.2071067811865475
11.0 7.0 -1.2928932188134525 2.7071067811865475
12.0 7.0 -1.7928932188134525 3.2071067811865475
13.0 7.0 -2.2928932188134525 3.7071067811865475
14.0 7.0 -2.7928932188134543 4.207106781186546
15.0 7.0 -3.2928932188134525 4.707106781186548
16.0 7.0 -3.7928932188134525 5.207106781186548
17.0 7.0 -4.292893218813452 5.707106781186548
18.0 7.0 -4.792893218813454 6.207106781186546
19.0 7.0 -5.292893218813452 6.707106781186548
20.0 7.0 -5.792893218813452 7.207106781186548
1.0 8.0 4.207106781186548 -2.7928932188134525
2.0 8.0 3.7071067811865475 -2.2928932188134525
3.0 8.0 3.2071067811865475 -1.7928932188134525
4.0 8.0 2.7071067811865475 -1.2928932188134525
5.0 8.0 2.2071067811865475 -0.7928932188134525
6.0 8.0 1.7071067811865475 -0.29289321881345254
7.0 8.0 1.2071067811865475 0.20710678118654746
8.0 8.0 0.7071067811865475 0.7071067811865475
9.0 8.0 0.20710678118654746 1.2071067811865475
10.0 8.0 -0.29289321881345254 1.7071067811865475
11.0 8.0 -0.7928932188134525 2.2071067811865475
12.0 8.0 -1.2928932188134525 2.7071067811865475
13.0 8.0 -1.7928932188134525 3.2071067811865475
14.0 8.0 -2.2928932188134543 3.7071067811865457
15.0 8.0 -2.7928932188134525 4.207106781186548
16.0 8.0 -3.2928932188134525 4.707106781186548
17.0 8.0 -3.7928932188134525 5.207106781186548
18.0 8.0 -4.292893218813454 5.707106781186546
19.0 8.0 -4.792893218813452 6.207106781186548
20.0 8.0 -5.292893218813452 6.707106781186548
1.0 9.0 4.707106781186548 -3.2928932188134525
2.0 9.0 4.207106781186548 -2.7928932188134525
3.0 9.0 3.7071067811865475 -2.2928932188134525
4.0 9.0 3.2071067811865475 -1.7928932188134525
5.0 9.0 2.7071067811865475 -1.2928932188134525
6.0 9.0 2.2071067811865475 -0.7928932188134525
7.0 9.0 1.7071067811865475 -0.29289321881345254
8.0 9.0 1.2071067811865475 0.20710678118654746
9.0 9.0 0.7071067811865475 0.7071067811865475
10.0 9.0 0.20710678118654746 1.2071067811865475
11.0 9.0 -0.29289321881345254 1.7071067811865475
12.0 9.0 -0.7928932188134525 2.2071067811865475
13.0 9.0 -1.2928932188134525 2.7071067811865475
14.0 9.0 -1.7928932188134543 3.2071067811865457
15.0 9.0 -2.2928932188134525 3.7071067811865475
16.0 9.0 -2.7928932188134525 4.207106781186548
17.0 9.0 -3.2928932188134525 4.707106781186548
18.0 9.0 -3.7928932188134543 5.207106781186546
19.0 9.0 -4.292893218813452 5.707106781186548
20.0 9.0 -4.792893218813452 6.207106781186548
1.0 10.0 5.207106781186548 -3.7928932188134525
2.0 10.0 4.707106781186548 -3.2928932188134525
3.0 10.0 4.207106781186548 -2.7928932188134525
4.0 10.0 3.7071067811865475 -2.2928932188134525
5.0 10.0 3.2071067811865475 -1.7928932188134525
6.0 10.0 2.7071067811865475 -1.2928932188134525
7.0 10.0 2.2071067811865475 -0.7928932188134525
8.0 10.0 1.7071067811865475 -0.29289321881345254
9.0 10.0 1.2071067811865475 0.20710678118654746
10.0 10.0 0.7071067811865475 0.7071067811865475
11.0 10.0 0.20710678118654746 1.2071067811865475
12.0 10.0 -0.29289321881345254 1.7071067811865475
13.0 10.0 -0.7928932188134525 2.2071067811865475
14.0 10.0 -1.2928932188134543 2.7071067811865457
15.0 10.0 -1.7928932188134525 3.2071067811865475
16.0 10.0 -2.2928932188134525 3.7071067811865475
17.0 10.0 -2.7928932188134525 4.207106781186548
18.0 10.0 -3.2928932188134543 4.707106781186546
19.0 10.0 -3.7928932188134525 5.207106781186548
20.0 10.0 -4.292893218813454 5.707106781186546
1.0 11.0 5.707106781186548 -4.292893218813452
2.0 11.0 5.207106781186548 -3.7928932188134525
3.0 11.0 4.707106781186548 -3.2928932188134525
4.0 11.0 4.207106781186548 -2.7928932188134525
5.0 11.0 3.7071067811865475 -2.2928932188134525
6.0 11.0 3.2071067811865475 -1.7928932188134525
7.0 11.0 2.7071067811865475 -1.2928932188134525
8.0 11.0 2.2071067811865475 -0.7928932188134525
9.0 11.0 1.7071067811865475 -0.29289321881345254
10.0 11.0 1.2071067811865475 0.20710678118654746
11.0 11.0 0.7071067811865475 0.7071067811865475
12.0 11.0 0.20710678118654746 1.2071067811865475
13.0 11.0 -0.29289321881345254 1.7071067811865475
14.0 11.0 -0.7928932188134525 2.2071067811865475
15.0 11.0 -1.2928932188134525 2.7071067811865475
16.0 11.0 -1.7928932188134525 3.2071067811865475
17.0 11.0 -2.2928932188134525 3.7071067811865475
18.0 11.0 -2.7928932188134525 4.207106781186548
19.0 11.0 -3.2928932188134525 4.707106781186548
20.0 11.0 -3.7928932188134543 5.207106781186546
1.0 12.0 6.207106781186548 -4.792893218813452
2.0 12.0 5.707106781186548 -4.292893218813452
3.0 12.0 5.207106781186548 -3.7928932188134525
4.0 12.0 4.707106781186548 -3.2928932188134525
5.0 12.0 4.207106781186548 -2.7928932188134525
6.0 12.0 3.7071067811865475 -2.2928932188134525
7.0 12.0 3.2071067811865475 -1.7928932188134525
8.0 12.0 2.7071067811865475 -1.2928932188134525
9.0 12.0 2.2071067811865475 -0.7928932188134525
10.0 12.0 1.7071067811865475 -0.29289321881345254
11.0 12.0 1.2071067811865475 0.20710678118654746
12.0 12.0 0.7071067811865475 0.7071067811865475
13.0 12.0 0.20710678118654746 1.2071067811865475
14.0 12.0 -0.2928932188134543 1.7071067811865457
15.0 12.0 -0.7928932188134525 2.2071067811865475
16.0 12.0 -1.2928932188134525 2.7071067811865475
17.0 12.0 -1.7928932188134525 3.2071067811865475
18.0 12.0 -2.292893218813456 3.707106781186544
19.0 12.0 -2.7928932188134543 4.207106781186546
20.0 12.0 -3.2928932188134525 4.707106781186548
1.0 13.0 6.707106781186548 -5.292893218813452
2.0 13.0 6.207106781186548 -4.792893218813452
3.0 13.0 5.707106781186548 -4.292893218813452
4.0 13.0 5.207106781186548 -3.7928932188134525
5.0 13.0 4.707106781186548 -3.2928932188134525
6.0 13.0 4.207106781186548 -2.7928932188134525
7.0 13.0 3.7071067811865475 -2.2928932188134525
8.0 13.0 3.2071067811865475 -1.7928932188134525
9.0 13.0 2.7071067811865475 -1.2928932188134525
10.0 13.0 2.2071067811865475 -0.7928932188134525
11.0 13.0 1.7071067811865475 -0.29289321881345254
12.0 13.0 1.2071067811865475 0.20710678118654746
13.0 13.0 0.7071067811865475 0.7071067811865475
14.0 13.0 0.20710678118654746 1.2071067811865475
15.0 13.0 -0.29289321881345254 1.7071067811865475
16.0 13.0 -0.7928932188134525 2.2071067811865475
17.0 13.0 -1.2928932188134543 2.7071067811865457
18.0 13.0 -1.7928932188134543 3.2071067811865457
19.0 13.0 -2.2928932188134525 3.7071067811865475
20.0 13.0 -2.7928932188134525 4.207106781186548
1.0 14.0 7.207106781186546 -5.792893218813454
2.0 14.0 6.707106781186546 -5.292893218813454
3.0 14.0 6.207106781186548 -4.792893218813452
4.0 14.0 5.707106781186546 -4.292893218813454
5.0 14.0 5.207106781186546 -3.7928932188134543
6.0 14.0 4.707106781186546 -3.2928932188134543
7.0 14.0 4.207106781186546 -2.7928932188134543
8.0 14.0 3.7071067811865457 -2.2928932188134543
9.0 14.0 3.2071067811865457 -1.7928932188134543
10.0 14.0 2.7071067811865457 -1.2928932188134543
11.0 14.0 2.2071067811865475 -0.7928932188134525
12.0 14.0 1.7071067811865457 -0.2928932188134543
13.0 14.0 1.2071067811865475 0.20710678118654746
14.0 14.0 0.7071067811865457 0.7071067811865457
15.0 14.0 0.20710678118654746 1.2071067811865475
16.0 14.0 -0.2928932188134543 1.7071067811865457
17.0 14.0 -0.7928932188134543 2.2071067811865457
18.0 14.0 -1.292893218813456 2.707106781186544
19.0 14.0 -1.7928932188134525 3.2071067811865475
20.0 14.0 -2.2928932188134525 3.7071067811865475
1.0 15.0 7.707106781186548 -6.292893218813452
2.0 15.0 7.207106781186548 -5.792893218813452
3.0 15.0 6.707106781186548 -5.292893218813452
4.0 15.0 6.207106781186548 -4.792893218813452
5.0 15.0 5.707106781186548 -4.292893218813452
6.0 15.0 5.207106781186548 -3.7928932188134525
7.0 15.0 4.707106781186548 -3.2928932188134525
8.0 15.0 4.207106781186548 -2.7928932188134525
9.0 15.0 3.7071067811865475 -2.2928932188134525
10.0 15.0 3.2071067811865475 -1.7928932188134525
11.0 15.0 2.7071067811865475 -1.2928932188134525
12.0 15.0 2.2071067811865475 -0.7928932188134525
13.0 15.0 1.7071067811865475 -0.29289321881345254
14.0 15.0 1.2071067811865475 0.20710678118654746
15.0 15.0 0.7071067811865457 0.7071067811865457
16.0 15.0 0.20710678118654569 1.2071067811865457
17.0 15.0 -0.2928932188134543 1.7071067811865457
18.0 15.0 -0.7928932188134525 2.2071067811865475
19.0 15.0 -1.2928932188134525 2.7071067811865475
20.0 15.0 -1.7928932188134525 3.2071067811865475
1.0 16.0 8.207106781186548 -6.792893218813452
2.0 16.0 7.707106781186548 -6.292893218813452
3.0 16.0 7.207106781186548 -5.792893218813452
4.0 16.0 6.707106781186548 -5.292893218813452
5.0 16.0 6.207106781186548 -4.792893218813452
6.0 16.0 5.707106781186548 -4.292893218813452
7.0 16.0 5.207106781186548 -3.7928932188134525
8.0 16.0 4.707106781186548 -3.2928932188134525
9.0 16.0 4.207106781186548 -2.7928932188134525
10.0 16.0 3.7071067811865475 -2.2928932188134525
11.0 16.0 3.2071067811865475 -1.7928932188134525
12.0 16.0 2.7071067811865475 -1.2928932188134525
13.0 16.0 2.2071067811865475 -0.7928932188134525
14.0 16.0 1.7071067811865457 -0.2928932188134543
15.0 16.0 1.2071067811865457 0.20710678118654569
16.0 16.0 0.7071067811865475 0.7071067811865475
17.0 16.0 0.20710678118654746 1.2071067811865475
18.0 16.0 -0.29289321881345254 1.7071067811865475
19.0 16.0 -0.7928932188134525 2.2071067811865475
20.0 16.0 -1.2928932188134525 2.7071067811865475
1.0 17.0 8.707106781186548 -7.292893218813452
2.0 17.0 8.207106781186548 -6.792893218813452
3.0 17.0 7.707106781186548 -6.292893218813452
4.0 17.0 7.207106781186548 -5.792893218813452
5.0 17.0 6.707106781186548 -5.292893218813452
6.0 17.0 6.207106781186548 -4.792893218813452
7.0 17.0 5.707106781186548 -4.292893218813452
8.0 17.0 5.207106781186548 -3.7928932188134525
9.0 17.0 4.707106781186548 -3.2928932188134525
10.0 17.0 4.207106781186548 -2.7928932188134525
11.0 17.0 3.7071067811865475 -2.2928932188134525
12.0 17.0 3.2071067811865475 -1.7928932188134525
13.0 17.0 2.7071067811865457 -1.2928932188134543
14.0 17.0 2.2071067811865457 -0.7928932188134543
15.0 17.0 1.7071067811865457 -0.2928932188134543
16.0 17.0 1.2071067811865475 0.20710678118654746
17.0 17.0 0.7071067811865475 0.7071067811865475
18.0 17.0 0.20710678118654746 1.2071067811865475
19.0 17.0 -0.29289321881345254 1.7071067811865475
20.0 17.0 -1.2928932188134525 1.7071067811865475
1.0 18.0 9.207106781186546 -7.792893218813454
2.0 18.0 8.707106781186546 -7.292893218813454
3.0 18.0 8.207106781186546 -6.792893218813454
4.0 18.0 7.707106781186546 -6.292893218813454
5.0 18.0 7.207106781186546 -5.792893218813454
6.0 18.0 6.707106781186546 -5.292893218813454
7.0 18.0 6.207106781186546 -4.792893218813454
8.0 18.0 5.707106781186546 -4.292893218813454
9.0 18.0 5.207106781186546 -3.7928932188134543
10.0 18.0 4.707106781186546 -3.2928932188134543
11.0 18.0 4.207106781186548 -2.7928932188134525
12.0 18.0 3.707106781186544 -2.292893218813456
13.0 18.0 3.2071067811865457 -1.7928932188134543
14.0 18.0 2.707106781186544 -1.292893218813456
15.0 18.0 2.2071067811865475 -0.7928932188134525
16.0 18.0 1.7071067811865475 -0.29289321881345254
17.0 18.0 1.2071067811865475 0.20710678118654746
18.0 18.0 0.7071067811865439 0.7071067811865439
19.0 18.0 -0.29289321881345254 0.7071067811865475
20.0 18.0 -1.2928932188134525 0.7071067811865475
1.0 19.0 9.707106781186548 -8.292893218813452
2.0 19.0 9.207106781186548 -7.792893218813452
3.0 19.0 8.707106781186548 -7.292893218813452
4.0 19.0 8.207106781186548 -6.792893218813452
5.0 19.0 7.707106781186548 -6.292893218813452
6.0 19.0 7.207106781186548 -5.792893218813452
7.0 19.0 6.707106781186548 -5.292893218813452
8.0 19.0 6.207106781186548 -4.792893218813452
9.0 19.0 5.707106781186548 -4.292893218813452
10.0 19.0 5.207106781186548 -3.7928932188134525
11.0 19.0 4.707106781186548 -3.2928932188134525
12.0 19.0 4.207106781186546 -2.7928932188134543
13.0 19.0 3.7071067811865475 -2.2928932188134525
14.0 19.0 3.2071067811865475 -1.7928932188134525
15.0 19.0 2.7071067811865475 -1.2928932188134525
16.0 19.0 2.2071067811865475 -0.7928932188134525
17.0 19.0 1.7071067811865475 -0.29289321881345254
18.0 19.0 0.7071067811865475 -0.29289321881345254
19.0 19.0 -0.29289321881345254 -0.29289321881345254
20.0 19.0 -1.2928932188134525 -0.29289321881345254
1.0 20.0 10.207106781186548 -8.792893218813452
2.0 20.0 9.707106781186548 -8.292893218813452
3.0 20.0 9.207106781186548 -7.792893218813452
4.0 20.0 8.707106781186548 -7.292893218813452
5.0 20.0 8.207106781186548 -6.792893218813452
6.0 20.0 7.707106781186548 -6.292893218813452
7.0 20.0 7.207106781186548 -5.792893218813452
8.0 20.0 6.707106781186548 -5.292893218813452
9.0 20.0 6.207106781186548 -4.792893218813452
10.0 20.0 5.707106781186546 -4.292893218813454
11.0 20.0 5.207106781186546 -3.7928932188134543
12.0 20.0 4.707106781186548 -3.2928932188134525
13.0 20.0 4.207106781186548 -2.7928932188134525
14.0 20.0 3.7071067811865475 -2.2928932188134525
15.0 20.0 3.2071067811865475 -1.7928932188134525
16.0 20.0 2.7071067811865475 -1.2928932188134525
17.0 20.0 1.7071067811865475 -1.2928932188134525
18.0 20.0 0.7071067811865475 -1.2928932188134525
19.0 20.0 -0.29289321881345254 -1.2928932188134525
20.0 20.0 -1.2928932188134525 -1.2928932188134525
