200.0 100.0
300.0 100.0
200.0 108.07070707070707
300.0 108.07070707070707
200.0 116.14141414141413
300.0 116.14141414141413
200.0 124.21212121212122
300.0 124.21212121212122
200.0 132.2828282828283
300.0 132.2828282828283
200.0 140.35353535353536
300.0 140.35353535353536
200.0 148.42424242424244
300.0 148.42424242424244
200.0 156.49494949494948
300.0 156.49494949494948
200.0 164.56565656565658
300.0 164.56565656565658
200.0 172.63636363636363
300.0 172.63636363636363
200.0 180.70707070707073
300.0 180.70707070707073
200.0 188.77777777777777
300.0 188.77777777777777
200.0 196.84848484848484
300.0 196.84848484848484
200.0 204.91919191919192
300.0 204.91919191919192
200.0 212.989898989899
300.0 212.989898989899
200.0 221.06060606060606
300.0 221.06060606060606
200.0 229.1313131313131
300.0 229.1313131313131
200.0 237.20202020202024
300.0 237.20202020202024
200.0 245.2727272727273
300.0 245.2727272727273
200.0 253.34343434343435
300.0 253.34343434343435
200.0 261.41414141414145
300.0 261.41414141414145
200.0 269.4848484848485
300.0 269.4848484848485
200.0 277.55555555555554
300.0 277.55555555555554
200.0 285.62626262626264
300.0 285.62626262626264
200.0 293.6969696969697
300.0 293.6969696969697
200.0 301.7676767676768
300.0 301.7676767676768
200.0 309.83838383838383
300.0 309.83838383838383
200.0 317.9090909090909
300.0 317.9090909090909
200.0 325.979797979798
300.0 325.979797979798
200.0 334.0505050505051
300.0 334.0505050505051
200.0 342.1212121212121
300.0 342.1212121212121
200.0 350.19191919191917
300.0 350.19191919191917
200.0 358.26262626262627
300.0 358.26262626262627
200.0 366.3333333333333
300.0 366.3333333333333
200.0 374.4040404040404
300.0 374.4040404040404
200.0 382.47474747474746
300.0 382.47474747474746
200.0 390.54545454545456
300.0 390.54545454545456
200.0 398.6161616161616
300.0 398.6161616161616
200.0 406.6868686868687
300.0 406.6868686868687
200.0 414.7575757575758
300.0 414.7575757575758
200.0 422.82828282828285
300.0 422.82828282828285
200.0 430.89898989898995
300.0 430.89898989898995
200.0 438.969696969697
300.0 438.969696969697
200.0 447.04040404040404
300.0 447.04040404040404
200.0 455.11111111111114
300.0 455.11111111111114
200.0 463.1818181818182
300.0 463.1818181818182
200.0 471.2525252525253
300.0 471.2525252525253
200.0 479.32323232323233
300.0 479.32323232323233
200.0 487.3939393939394
300.0 487.3939393939394
200.0 495.4646464646465
300.0 495.4646464646465
200.0 503.5353535353535
300.0 503.5353535353535
200.0 511.6060606060606
300.0 511.6060606060606
200.0 519.6767676767677
300.0 519.6767676767677
200.0 527.7474747474748
300.0 527.7474747474748
200.0 535.8181818181818
300.0 535.8181818181818
200.0 543.8888888888889
300.0 543.8888888888889
200.0 551.959595959596
300.0 551.959595959596
200.0 560.030303030303
300.0 560.030303030303
200.0 568.1010101010102
300.0 568.1010101010102
200.0 576.1717171717172
300.0 576.1717171717172
200.0 584.2424242424242
300.0 584.2424242424242
200.0 592.3131313131314
300.0 592.3131313131314
200.0 600.3838383838383
300.0 600.3838383838383
200.0 608.4545454545455
300.0 608.4545454545455
200.0 616.5252525252525
300.0 616.5252525252525
200.0 624.5959595959596
300.0 624.5959595959596
200.0 632.6666666666666
300.0 632.6666666666666
200.0 640.7373737373738
300.0 640.7373737373738
200.0 648.8080808080808
300.0 648.8080808080808
200.0 656.8787878787879
300.0 656.8787878787879
200.0 664.9494949494949
300.0 664.9494949494949
200.0 673.0202020202021
300.0 673.0202020202021
200.0 681.0909090909091
300.0 681.0909090909091
200.0 689.1616161616162
300.0 689.1616161616162
200.0 697.2323232323232
300.0 697.2323232323232
200.0 705.3030303030304
300.0 705.3030303030304
200.0 713.3737373737374
300.0 713.3737373737374
200.0 721.4444444444445
300.0 721.4444444444445
200.0 729.5151515151515
300.0 729.5151515151515
200.0 737.5858585858587
300.0 737.5858585858587
200.0 745.6565656565657
300.0 745.6565656565657
200.0 753.7272727272727
300.0 753.7272727272727
200.0 761.7979797979798
300.0 761.7979797979798
200.0 769.8686868686868
300.0 769.8686868686868
200.0 777.939393939394
300.0 777.939393939394
200.0 786.010101010101
300.0 786.010101010101
200.0 794.0808080808081
300.0 794.0808080808081
200.0 802.1515151515151
300.0 802.1515151515151
200.0 810.2222222222223
300.0 810.2222222222223
200.0 818.2929292929293
300.0 818.2929292929293
200.0 826.3636363636364
300.0 826.3636363636364
200.0 834.4343434343434
300.0 834.4343434343434
200.0 842.5050505050506
300.0 842.5050505050506
200.0 850.5757575757576
300.0 850.5757575757576
200.0 858.6464646464647
300.0 858.6464646464647
200.0 866.7171717171717
300.0 866.7171717171717
200.0 874.7878787878788
300.0 874.7878787878788
200.0 882.8585858585859
300.0 882.8585858585859
200.0 890.929292929293
300.0 890.929292929293
200.0 899.0
300.0 899.0
