185.0106896910258 387.7904002446252
291.17260854190573 292.31893632460367
205.33410111485304 221.99908367683307
266.56546023139737 294.9345273750231
345.80068552875935 417.3070394804925
129.41504261648046 139.8232002427442
245.75470576298602 871.2432701163382
384.64111181712485 42.72732615663777
195.56684869762256 528.4752822246026
266.69048054379044 485.4445169763491
250.8307354387357 776.014430088493
374.63189575345126 510.55979646919167
161.22883047284904 318.3838485432584
280.2936280534591 834.6423531533137
233.7432485497317 485.29685782092855
217.49147027860107 728.377738701392
227.4940413980543 995.9259829211633
276.1506838978779 528.0177813297498
184.97004140913927 687.385331075012
133.34731246946222 877.8414837843573
167.89412905334547 234.31127229415605
220.2410788522775 330.37100858612246
304.0365002591278 751.8880911170556
243.94600295373363 703.4022001543165
125.29195654256576 754.6098824728815
276.053885576855 692.2205569970508
236.71224747384184 658.5647091538353
155.66877724629936 216.321385390557
368.62005334003345 104.91760322138232
138.50994922035036 808.5261800146849
130.5415510676915 868.5921696336811
265.38971832745773 773.1499875308887
328.5713102334686 474.22834780750566
314.9314927467366 646.3203261420606
302.47625905067423 156.44213865095725
304.5517633397434 371.606861055444
122.3043830150463 147.12268279826336
125.56356317423516 746.8865260958157
179.9284209109183 956.5868300422526
239.31966759262068 742.2335821965852
