100.0 100.0
122.11111111111111 100.0
144.22222222222223 100.0
166.33333333333331 100.0
188.44444444444446 100.0
210.55555555555557 100.0
232.66666666666666 100.0
254.77777777777777 100.0
276.8888888888889 100.0
299.0 100.0
100.0 122.11111111111111
122.11111111111111 122.11111111111111
144.22222222222223 122.11111111111111
166.33333333333331 122.11111111111111
188.44444444444446 122.11111111111111
210.55555555555557 122.11111111111111
232.66666666666666 122.11111111111111
254.77777777777777 122.11111111111111
276.8888888888889 122.11111111111111
299.0 122.11111111111111
100.0 144.22222222222223
122.11111111111111 144.22222222222223
144.22222222222223 144.22222222222223
166.33333333333331 144.22222222222223
188.44444444444446 144.22222222222223
210.55555555555557 144.22222222222223
232.66666666666666 144.22222222222223
254.77777777777777 144.22222222222223
276.8888888888889 144.22222222222223
299.0 144.22222222222223
100.0 166.33333333333331
122.11111111111111 166.33333333333331
144.22222222222223 166.33333333333331
166.33333333333331 166.33333333333331
188.44444444444446 166.33333333333331
210.55555555555557 166.33333333333331
232.66666666666666 166.33333333333331
254.77777777777777 166.33333333333331
276.8888888888889 166.33333333333331
299.0 166.33333333333331
100.0 188.44444444444446
122.11111111111111 188.44444444444446
144.22222222222223 188.44444444444446
166.33333333333331 188.44444444444446
188.44444444444446 188.44444444444446
210.55555555555557 188.44444444444446
232.66666666666666 188.44444444444446
254.77777777777777 188.44444444444446
276.8888888888889 188.44444444444446
299.0 188.44444444444446
100.0 210.55555555555557
122.11111111111111 210.55555555555557
144.22222222222223 210.55555555555557
166.33333333333331 210.55555555555557
188.44444444444446 210.55555555555557
210.55555555555557 210.55555555555557
232.66666666666666 210.55555555555557
254.77777777777777 210.55555555555557
276.8888888888889 210.55555555555557
299.0 210.55555555555557
100.0 232.66666666666666
122.11111111111111 232.66666666666666
144.22222222222223 232.66666666666666
166.33333333333331 232.66666666666666
188.44444444444446 232.66666666666666
210.55555555555557 232.66666666666666
232.66666666666666 232.66666666666666
254.77777777777777 232.66666666666666
276.8888888888889 232.66666666666666
299.0 232.66666666666666
100.0 254.77777777777777
122.11111111111111 254.77777777777777
144.22222222222223 254.77777777777777
166.33333333333331 254.77777777777777
188.44444444444446 254.77777777777777
210.55555555555557 254.77777777777777
232.66666666666666 254.77777777777777
254.77777777777777 254.77777777777777
276.8888888888889 254.77777777777777
299.0 254.77777777777777
100.0 276.8888888888889
122.11111111111111 276.8888888888889
144.22222222222223 276.8888888888889
166.33333333333331 276.8888888888889
188.44444444444446 276.8888888888889
210.55555555555557 276.8888888888889
232.66666666666666 276.8888888888889
254.77777777777777 276.8888888888889
276.8888888888889 276.8888888888889
299.0 276.8888888888889
100.0 299.0
122.11111111111111 299.0
144.22222222222223 299.0
166.33333333333331 299.0
188.44444444444446 299.0
210.55555555555557 299.0
232.66666666666666 299.0
254.77777777777777 299.0
276.8888888888889 299.0
299.0 299.0
