226.1896972438024 361.85682090231944
131.14923645692676 327.75074539063223
180.90815204459213 138.52033476879507
375.93696530479883 216.7267719870243
358.04039504853074 305.10139008904355
236.03847966626637 148.96671880884105
344.76392492948486 173.57038440495657
340.6743836840852 286.4395315803173
146.06430310972496 187.1043151886285
146.08149451959966 88.5054017463311
266.52023406918954 30.38177048927331
381.9664283218236 1.2026624094134242
168.99920726121073 148.69813987701636
218.25307677817236 61.541470291637
297.5717976171494 326.3805525482144
268.1055018178464 324.5019235275835
122.35302403800377 84.53966552431567
122.39969849664165 230.27830779548634
229.22110283830307 202.8651433125868
181.65297350105388 101.99154971638022
269.8620542398873 197.63684302429004
189.25889172960632 185.89831111496503
283.0999194937972 169.48995723139245
160.72450544953531 309.54790672356296
282.3866474075557 363.40440946748004
358.26019019171446 186.24015271324316
354.72162897876524 16.292032264590173
373.6369884660524 210.75941830354805
125.6332825082748 124.3331848584389
261.1430475655037 152.90935856461698
133.74250819790433 208.13725353269942
138.803836516289 232.47507864018098
377.79177086705516 1.7189034666300174
284.0835250036172 321.4754716720416
277.6761276996343 26.042612924186507
278.6393803853957 42.26252957087695
385.58307189038044 220.2566129993233
323.62811263234255 142.55522477689843
174.1650301088007 323.7834836269662
124.35578049483736 43.75096382939772
