17.628117741190213 3.833725731498733 0.7448415645147609 0.7518337205712935 29.769505085298427 3.3106349113793057 22.562597350973213 39.23073847446369 37.95239662432004 716.2085566895151 30.736965756027928 75.90572993019416 1.494036294567975 367.5206706376913 9.995247267068764
4.223889254923395 4.51801698699496 0.5867542755734715 0.7251758405194224 1.2860306467321543 2.885620617210732 12.596391587216853 59.47045047872711 22.61178758371717 454.5697615803373 36.13474584951256 78.2071511812822 1.8044592565244275 520.8818356592164 1.1047289683735184
15.41146726132429 3.048698624319732 0.14556176173517849 0.60032928249091 28.540730198311774 3.8168890566588742 4.761949830452919 63.2169960568862 36.67444553589438 398.14747310003884 81.4088808353913 25.942429681490363 1.520341320202693 209.4569609435941 6.1915425064906655
18.632561478971997 3.8632845526422064 0.8283350963465905 0.018355037840792635 12.865757661859524 2.0579152830901988 2.26659024447181 81.43740975885692 29.190468928424934 999.8389401350801 15.278160427335973 58.954965329464386 2.7313768075664955 456.4797304360775 9.564702040738949
9.39543349955677 2.4066591726235824 0.5342201118409208 0.2534135599838618 26.059003423697924 2.042637243871666 20.64699042614268 62.08766042669495 34.298518098195665 364.74767152451824 76.08340084459276 46.138362636764086 1.7412962008834483 250.92718604815343 1.5952302545391026
15.819422711042561 1.8814447090269326 0.7686925197333245 0.8073135871857685 13.660483387498083 0.7514163591387584 6.205324370493326 45.64991170784435 20.10300395837004 345.3965718535309 69.59938238531971 69.06108010552546 3.6664407828175367 387.39743382997534 9.651444809225834
15.778491451321766 4.6803529566434765 0.08466479098907426 0.9569791429341284 13.373284918143886 4.601595654919576 2.9953895642320045 65.07907818648494 28.550801590380672 266.117945805154 55.89889271992514 28.394034315738715 3.4440790386636664 127.99513536838361 4.164870892782515
2.6949508752855347 4.974555294944 0.4161739347393573 0.6648155457899878 25.184134848411823 3.284310419668723 18.31631369106622 64.72092658093082 21.565591148852615 354.39953244792514 79.3206182659584 45.54589870341522 4.875984890318225 714.3419241451917 6.526848503002857
16.52602324080734 3.7191894247460473 0.781889041157158 0.32283733291757954 10.420626800650439 0.8361942757680783 24.766904755046497 70.96990163965056 36.07628534135371 458.26264276491247 12.141025276026005 42.4747021323856 3.418077466080346 320.8956210831541 5.262880872595247
3.536903104713403 1.0038531398063744 0.24211807006557373 0.4093070027768415 16.041381743931183 3.805445263259566 23.470137399673604 78.17382040854673 37.676628580664186 391.21311100336203 24.2524354625042 37.978478781312894 0.16272524103025268 346.3247261796741 6.376465699825263
13.809095670315784 1.8642569684713668 0.41807300208199105 0.9757576555400458 17.706104878738685 3.0530771684431084 25.58480604450544 30.046804577537316 22.872610806304685 528.9875908306487 43.066967763529796 63.26236440765763 4.660204314752276 324.42070718574774 9.57893832454221
15.17484377684069 4.287138056237678 0.5827492084601448 0.7965891684683569 26.94655518877 2.0713965664119707 6.08371184935614 80.7508314729263 27.05614521265381 772.1373069806989 78.8919418809885 49.4886665147599 1.5562625126192469 731.8633780076833 9.178071062493787
17.70253722756297 2.2045296256441294 0.386002574173089 0.7492346807827391 25.421829313536776 1.035257833324728 22.30571683105751 73.55114973851195 33.184678342718996 646.113608131596 83.42887601909824 46.594115623194725 4.029043776626949 517.3229585214362 1.230477550614963
9.13221693415576 1.0138189995735256 0.0028319610310579353 0.6415096590595558 11.790361452916061 2.7738588290555826 11.959156135589797 46.89136991290218 36.63098463309743 661.0644317713333 65.3367352935745 78.7288734895771 1.4768580030461198 249.246320422493 6.878225063631851
3.1286793059438702 1.682379406818844 0.44874339419460174 0.25752553633732406 14.861480189003707 1.3107073789257604 16.955137248305256 24.245417799689914 37.870554816534366 223.1241011434949 74.2775051695541 89.1665514387253 4.683551143659655 83.78312310721981 5.504166623125702
12.170058949923614 4.309316730873314 0.03433002552568511 0.46065632810329 22.628657103135296 2.329814803941284 20.81992441979719 96.74365234547723 35.279920125506806 540.9958109587603 50.112050740309044 31.529697454740273 4.814903962346982 681.0920393344771 6.766345181391446
19.902604896800373 2.1029175785392713 0.20902362747091918 0.433100634010741 1.6479484614481181 2.841433194322757 10.93274137057613 69.67802769625419 38.91896323180213 533.3706040981378 21.647406990275098 36.30482235633687 0.9371534329946134 433.0090063377671 1.155017017183874
8.997059070450613 3.9877673475469453 0.3685644822116871 0.5709954338125881 26.000852692473043 4.936452134642966 7.763744299532676 72.38503175349736 36.98205360011595 930.8339336004424 16.558193920626806 61.9570119426612 0.9120612521574173 378.8005375709813 1.6764354478508756
18.30655406235687 4.295833232671791 0.39496360294310773 0.9276584096074421 16.20297515428122 0.5094547276489104 2.8296697286157686 77.0517537293527 33.427102044620604 510.90626103011755 57.38601316929647 76.350300066518 2.4131086564744835 233.3601151621235 8.189356998050588
6.528576720217372 4.406138986906129 0.5787809617161919 0.5427533244202342 7.695069649045752 4.4015445960733715 10.618749579493324 74.32973797318813 29.90104942931206 940.5737465373552 28.004575649258204 28.72365901923996 2.0299396226131745 246.42981085396596 8.2627999741179
11.317272849620114 1.149830646571783 0.09076263857607055 0.11072694169547573 5.087079208924874 4.793163838663209 2.5480413999900176 117.52899519377817 22.38449904242856 937.3259417559883 19.46989919399014 81.06061907123308 0.44061546626898274 134.24248008315317 4.79784643304745
3.692703028512767 2.1861266369847208 0.032238897551102146 0.06255426476345782 18.98399130959923 3.7404427740438275 3.7644381726006353 66.67536527880483 32.86759853648727 801.3340002421888 74.73300653032318 20.639841913872047 3.1939754724603264 571.0457844083803 9.80775107245929
10.43724179348933 4.0630717315950395 0.6626960062198565 0.42136068105415553 1.0202458131626553 4.444849012950089 24.970447249185735 114.76231995158653 26.52117389643173 975.5246910050183 41.52602823801463 26.954519270309167 2.1481868776832242 226.5614803847299 2.4820625662202245
11.594010000968755 1.8042522636605678 0.7485250641422453 0.520553754618489 15.150232228876517 2.4448036807615923 20.382019432818243 33.14565657227428 23.82820020931511 709.9395020392444 54.073467236112506 67.43717461696866 3.792093824302417 293.59547678693997 3.8578121248491146
6.056531966742256 2.2449360170166757 0.1427881952196978 0.64555248146164 25.057875107658134 0.8284936197164938 27.33799077913657 34.82894431804795 39.59338311733666 302.63531314913706 72.05135120720209 44.549429173419725 2.804241181202852 544.0918459281629 9.215977600803349
9.685169109739261 3.5100939449980193 0.06424829921384016 0.6166230623953314 12.137261928195658 2.9841596399645427 10.202538276023603 51.60352642772783 20.99184062440034 798.5879368730284 34.11602184958273 39.554779670514954 1.2491577633117448 205.6625588732298 9.449606616209586
14.42395301565865 3.1917222236146716 0.9325858661338704 0.3927805542830268 24.456031657714227 4.870616714881325 21.547760275075476 67.1081073097356 23.56236380414723 916.593411472517 75.82390357568667 46.05931477476456 3.9783292996079416 165.57337864139174 6.2731948485265425
10.551164641181618 4.554333734955239 0.5691411241549472 0.3274130139263301 27.806485183797406 0.9389074665752871 22.48959446375113 47.87980248558782 31.671541681083504 431.52085469630924 27.621373369498933 56.97767622175803 1.0460787566886556 582.548665991979 4.5342080418655
12.00586960889564 2.169168171522956 0.32636843544300775 0.908800488421011 10.934218922377104 4.182937456925171 3.506698686240346 67.55558260585421 31.982814358353465 807.3599324629869 73.8847298313317 88.56838926524966 0.6724108914290983 644.0601037156781 5.833187179689721
15.542378326977168 2.632972915953995 0.39914912077156134 0.0855369015879277 28.79420959587474 4.7449519248606835 7.681507925583613 109.6169624244718 25.099340637206744 850.3272148053995 49.17701763258616 74.67793091567393 1.9653991906127597 605.6706651241989 5.9545869791479085
4.748589528629175 1.5000756166687994 0.684668360017455 0.8981925865554089 2.581069746272396 1.3496304098257261 23.246738335659092 76.68648260136051 23.065915664835263 517.3401836711048 47.780049386899535 45.103654545895836 3.699934219500423 577.8392111395549 7.015985006509299
13.567096126893729 1.3446297722371359 0.33293233252799426 0.6848218245946335 9.48625339799758 1.5942000943897197 22.828299548258364 119.89540343249305 34.74088913620443 719.8257729685924 11.369383814447449 58.25320301957461 1.9251050689833145 180.5850023329283 2.47294467908733
2.581113353836505 4.892619026935394 0.6456681705087367 0.38061356494417004 23.841050990819014 1.3743150803392359 20.538581627534782 89.03852425259002 28.694925721555066 521.8304150744118 71.57404964070432 77.53413334910583 2.4763597710721403 124.53827024426367 3.7533796767906957
11.431033554748968 1.9634678127752532 0.9790339367164208 0.4242346588039451 20.371162903981407 1.6471052739069785 11.658383370933894 28.944002655007598 30.665691609321627 538.0579119337449 29.013317463622933 28.415817638326494 1.757007324949036 278.20927238740524 0.4663723181627363
5.947106949992499 4.335622317675443 0.9646127953266382 0.08671092370690878 2.465372535221438 1.1780125275516862 11.89979396104793 99.40751486185485 31.43532412919062 845.5053062328873 83.07570160769994 82.5219773869575 4.900407922241584 705.9489313791755 1.024224075367733
7.441284521513673 3.1607561647157665 0.3576262953481443 0.4917156091766754 28.56288588182115 3.7330587951406873 3.3299440165389482 113.80437309039092 32.68956756410804 546.2707835828487 38.695554887279094 41.981403955710675 2.689404382069793 779.9479006386913 4.512359480435853
8.874190987760617 2.8160114124873616 0.19405759171590986 0.8675017357275658 16.744306336047643 3.4549790243775034 8.033073112855433 91.1775024517932 31.872064208552437 707.7793824091742 66.49177956821401 89.6436174945417 3.043941492723452 185.784504450791 0.5346995658788413
7.103776257630499 3.268131544748677 0.18690271061157165 0.5747046441544874 2.0043838618868524 1.4426613843629 12.822156046195934 118.55276026564988 25.661622025665253 204.28052697516736 81.85721061435788 43.45487307102553 2.342840480431469 786.5821494972448 2.24502445464123
11.684657503892058 1.648379250760408 0.9050970805339617 0.9482246336102086 21.193669030436297 4.610999291283056 11.126503287329351 101.15198783135854 23.14317306697286 416.3833100894609 64.37512751568151 64.13781235986531 4.844957897614399 484.03094595991377 8.225764451477701
7.864913441351071 4.896158830554668 0.7028856605981217 0.8366892141971192 27.01159263744233 4.126586578748792 9.935193701092542 52.417276565196346 35.95725845775088 790.5240658199197 10.323537644008542 87.64701201704969 4.564999112518689 614.7134458063175 4.98498326554841
15.93084858743549 4.755974415403941 0.6082243227038103 0.2973765025183615 20.052246242618793 3.517708058587203 19.424506621670446 94.86232132807464 22.967122929045367 668.7547079092867 1.7464080230824253 73.46065081955021 2.192068506598526 117.65642155479114 6.01639622902879
18.50373808273568 1.1793808260516607 0.5009152331064037 0.7596577403040511 4.567491895660371 2.8600717021062136 13.571815629119158 30.904294865777565 28.462761620949095 652.3577577472827 16.400059622470884 62.440991494837974 2.201926239065906 667.1854349766561 5.107922843007878
12.801901827323192 2.696718636122453 0.7413244207537082 0.5614551469078839 22.965777013976684 1.14585094644218 1.7838346637758709 106.77462481217759 31.646831468332252 293.99087597786473 32.13779979993734 35.85654780267704 4.148494265569174 586.4787877056806 7.901682495576754
19.77908094158985 2.229919222777447 0.8600246451145712 0.823542270934964 15.545522058508128 2.349897591931379 8.749844872662784 84.26537826023394 22.75457122280409 381.7859170017143 89.11345797283798 25.375718458373477 0.9545641298102596 162.27715642604534 2.87350839713267
18.423488138708606 3.1826804535053297 0.042826534508708304 0.41929419108230537 18.326121922076045 1.761400151559907 21.089959201181173 27.229410356289716 24.397440560196994 625.9455426962604 64.61030651975685 79.39886625495745 3.375212760555524 170.00179385501633 3.550167694739027
2.103338010555129 4.5033165035785245 0.0806068211226518 0.009236364721516638 24.794543729453743 4.9665854730629055 14.948825173899095 53.8534496308257 29.612660782060374 842.2329098971499 51.723945977514234 64.04451065873317 4.61484874914471 634.4534988991501 6.254884536287719
2.161924300781484 1.796701022675769 0.8667038788303342 0.7806977630215797 13.841859625748956 3.6859586463816143 29.944547371708918 38.305022612923466 37.261533416479665 439.4037150870787 14.05643972707422 25.36016269475108 4.2629603494109745 767.4777547031147 6.555712315094176
4.9403608737434785 1.4390529880808836 0.6648604325046691 0.11675916455381782 4.476027863631865 1.197549698790857 29.547871147819116 21.082290137465737 31.533612860798698 460.64830965999784 72.63623869334269 30.625560826792043 3.6492343581095747 556.4889722270148 7.759311397184287
4.406469915340079 2.7819201559916147 0.5323856078602506 0.2666027539240782 11.879952718050982 4.698961935933794 22.682256899692558 42.985378599391716 36.0145778380828 556.433167499103 30.138828809037907 66.58537513241235 2.762933984045774 213.4053717840546 4.636103612738394
13.7245973458783 4.416987348389979 0.2132137784726598 0.7102626463336715 4.802753567945575 1.7953042897853302 3.041119967931377 100.8075868722184 21.41780132284992 817.318319776497 49.55684013725828 38.964891055662804 2.6503088990270247 227.9772132353324 4.011204912061009
13.455067806151204 3.5793527504006035 0.8858267024276196 0.4276450539456025 22.082980721842723 2.947715121655948 12.40134281706555 67.95952400575926 28.17617281342174 361.89751543750253 73.74013159755037 60.791921087523015 0.0685032391812938 566.9934481003363 3.3052257928333963
18.95226804224414 4.788785340964344 0.3915221502413011 0.3300072556276203 23.158555266721645 2.901429794408909 8.447056608437647 52.16029899416206 22.443378666553755 218.21321024021424 52.976129153950495 37.63928402818394 4.920111262035288 132.76061207422978 5.925311319499602
9.675834320388386 1.7186242015722586 0.9548641427071668 0.582255690904101 16.915608803520907 0.6958510496488048 14.37127216529777 29.43153785915733 24.277783231783573 829.0677384674232 42.0264399628273 82.20906057984837 2.1623498064469633 741.7919035841234 8.433497571026358
3.4755060409147776 3.9708523395757505 0.6469132066861663 0.21979166490505528 18.800662270378847 1.2121811505122122 9.56238952760436 38.79441965133068 34.875840371931005 206.51308891747078 10.67087239035909 22.27482267489976 1.2325219125592533 648.4765932960725 2.83164030365001
4.862831277394646 1.1144749551174273 0.15927714550217678 0.7038751322974209 6.84252529407344 3.2476460270201977 29.67411195517692 37.252951119671785 26.12145802836204 292.4274566602207 60.482876794960475 83.81121075382845 4.428068433641902 408.3524746941915 6.936961079828365
18.491566809047914 1.3293513509937598 0.6528479332004149 0.18747344250162684 24.52671680818039 2.5547207829655925 1.62749989637208 55.88471329317095 33.06953711545714 989.8172478514977 17.39222331250097 52.095508138316205 0.9757226803599397 358.1607695046989 4.0551424520265735
18.619893358717633 2.323245389997303 0.4968966120241984 0.07203949277080851 18.891014003819446 4.387871954193179 19.24352486471093 25.02151696902754 31.321895521607892 307.20815228118175 66.75180651700393 43.60004553069743 3.8418548624804014 287.01660712548596 0.7465595936248619
10.916051766593688 2.060316504879119 0.9255390075801598 0.08240247372435781 3.5782000096575586 3.8361817354983225 15.006811047423632 39.3529951765516 39.89930935706489 774.3129801163562 69.14180967621509 32.1736030018943 0.7533429322144125 661.7915698689426 0.2686177774704406
9.983978389494016 4.448204404632712 0.33640160570840605 0.5480968232131868 2.874874677884288 2.114362950603217 14.27148943338336 58.49188156437046 31.380940364163823 552.5388496620486 6.6379232979233675 29.642275824441015 2.005208221888803 90.32957922340896 5.142000551291585
6.2123352797175295 3.427103198191688 0.1398949982701713 0.13033057344008445 23.593362973852244 1.837163529965777 6.366452161162175 40.40659254073523 37.10439044218438 984.1613368183451 22.590364047182216 26.079237669976365 3.1094344840006127 758.8839517588927 2.664183005634618
14.860306205463603 2.2829578005278517 0.8536011583450815 0.14067135276741108 8.046290820060264 1.6280570032318444 9.336196857748881 101.37831834220518 21.838003913032125 247.32689465597167 87.90289779489896 43.01158358660567 4.072514653017568 381.10696316874873 0.25825397929245597
10.799533003968227 1.5711430424797772 0.8159170344023625 0.6330927940184176 2.090168647070378 4.570774433211496 17.289636760964974 109.7079502977509 23.622184460532416 954.808140685561 85.43019802923743 20.799785024111497 1.8925728247769986 60.60399611517147 7.066259208657404
16.485022245490125 1.593866937939615 0.12026980733294958 0.19335884262479985 24.155006116045755 1.4714540664525322 13.855727015290952 102.69395033518181 38.39500754443254 905.586266876708 36.41299866271841 24.94445569742941 1.262383398254989 384.42789724498635 0.7900616762329897
16.394188514368338 3.4960709899858355 0.44277617151799975 0.7871842431325198 29.84549296574391 3.5715894714348355 23.997487151923124 60.94800310245635 37.002044598216884 497.6745304322887 87.84117695334392 73.20266278245325 4.2216264334700115 602.4018543047586 5.554541342031025
11.192761454746044 2.118892224655698 0.8920825227916901 0.5865054695630203 28.270591146295335 4.062743728232759 4.941550228392813 55.10564804447555 34.99746497212912 405.3237751006566 70.63814653708032 32.599977711290585 3.7751634044050424 59.96719173342289 8.800170954898682
19.74747772824627 4.561219929285139 0.8711502101045207 0.010380805404991911 29.484806327974972 4.84929990122518 28.899851816204308 29.13439087907588 25.419197192233042 680.9842254813751 60.971036331247944 54.11658011166645 0.8749280687901704 460.38141775287966 0.4314514714778843
14.384353188420702 2.8047079349960504 0.9412575570395472 0.056420397440469304 26.25154750571231 0.7245564418370873 23.010092351625346 30.564745624611167 28.994005747770387 787.7575072327602 7.642332836530606 31.05151355854236 2.037752074562363 628.5755661391993 0.8068991575662601
5.657110592222105 4.117570788968482 0.1344330884830398 0.2681260295271311 4.321263266874308 4.67908370898278 25.826096888658075 35.70566698458214 25.371650390307607 952.1922920461875 78.56285255973076 21.712131767142072 0.821126054340958 417.283887758134 7.336527054258943
13.88203273660461 1.0779894050042629 0.4614522730517458 0.5384807314005361 11.938969204666552 1.9649345200091959 1.4768385126306245 58.68178915358139 23.32419084250947 768.9823347179258 86.47453146440557 22.055956228646263 3.1406734073484452 526.0276653954554 4.983613239636554
14.971067903200014 1.3993146326853008 0.7219996771830297 0.968463866724648 17.29080797648246 3.1600125998175925 9.810066876123035 22.319929297977122 36.22333110569549 982.0609611307432 19.607918257171317 80.66845805759016 2.7937614493478486 80.88940938140071 7.711933446795975
3.9909923652580295 3.1176620047587784 0.8266509031722353 0.2943181203239463 3.9314973286045687 4.312647930541394 28.794475638551457 34.04577082751044 25.91176830949364 503.3067725482685 16.8125100724525 48.92918867933324 1.820132456720922 400.14929830580434 4.487679962489958
12.300502991914083 1.1310936421850701 0.31565024155801086 0.3089869225316486 20.762723043396527 0.7552759080573698 17.797743212108532 82.05253243924963 29.227380654651263 514.032348566704 41.03328703522638 79.1892264836184 1.6348555852765823 737.1422990419985 1.3218323735455968
4.114596134327897 3.0091128881115363 0.34874385477162695 0.47787282768491046 5.843730638565067 2.6453403755296967 27.54501023479997 99.00056776514356 37.85264542570782 501.08520278043636 63.75635169646758 65.92839709839294 1.6176952684431973 650.6358520428026 4.406818276942365
10.698892212750334 2.549387935646476 0.7582790898789101 0.9310529409361893 14.78718275885019 0.5205444530252004 29.80213876760739 90.88678525877772 38.40092254395829 488.71679278212537 49.26924658482404 83.65536686363416 3.6814850224352 435.49256170299117 3.6268692567278786
19.437775112313346 4.950921296475078 0.16949965589694907 0.3970100238199289 5.511912815704387 3.128114724863984 5.111183741639472 86.09776969441185 24.442625618594686 907.624145472096 6.282507666072617 62.027206425125236 1.985743403986888 156.40209290242456 2.3241654372962293
5.23344871014409 2.6749728013388197 0.42012363778958733 0.924978589253623 1.7766726450156751 1.0624798606970793 14.488094067519665 78.98091229409332 38.64112900077002 334.46634938144155 12.308378603145908 63.44772821824234 0.6611560927239452 366.2139579637936 5.332757906232775
3.9184501016023736 2.1294722159105666 0.10638184480144981 0.21119071420950558 16.35072106831081 3.4126165235992905 6.666967196193829 21.818938699417323 20.710943620497037 446.95690951672043 25.17029687678368 22.748637466497126 0.6039874671331068 339.1419926033932 5.628188745457392
4.483950287355118 4.528292570645462 0.2998443568986737 0.279456611465927 18.272602730511316 2.021001232106113 11.035960139386656 87.7025774267897 37.31682501368944 526.9241977644043 6.317413316358639 50.890689256720606 3.1591783023739097 596.9357415660368 4.742336752980927
3.9383136779575163 2.9804054037030463 0.24569741955660762 0.9382212681455029 5.6613825302619905 3.8778166818876176 20.762046154439435 51.094228647346725 32.4885774435076 393.55789385154804 68.28139530984613 79.77026993305118 3.5889889739251677 105.07804405995331 2.1620489673405183
14.509471146346712 3.9565295384483474 0.9601439364222186 0.45451923132431316 25.295846762645244 2.4740347211199305 26.326170805107065 99.78288253877547 26.004488940385237 258.7273052658991 3.142975190152037 68.57331799137121 2.975221816034072 102.73726681983143 6.816275402914398
13.22291657374694 4.678309122481659 0.9352526430655435 0.24701553501557705 4.729301442582324 3.994064453775936 28.36436371459675 65.38359236383334 30.750028997745794 255.09407660308761 79.55167366725118 83.4470227328822 1.417069451826669 631.3228903250443 4.1297577159820715
17.952519396692452 2.538895315115986 0.7515403182793792 0.5677060191935934 22.439663060261022 3.9078691790588933 13.754650175844617 79.82665260525165 33.60535320351417 758.2287295860897 58.70074698335246 39.741360218126445 3.563597192409762 696.7291967198728 0.6099503229511082
14.301686037688041 3.4180010284435762 0.4552938466900817 0.4761614090986118 21.25349033120281 1.902962434198041 27.446257112112082 51.81569261834977 39.32799787954144 970.839533865374 46.4363388146315 23.620600197667947 4.283197335060967 219.24842869950535 2.9304036254921257
4.329055770314892 4.093029160943782 0.4018812846794896 0.7287498099191819 29.349208362519224 4.103669536032306 16.25766476379784 21.428986324470483 23.457805364798645 568.3914598832262 74.65885322239949 76.88005434771401 0.7868156898855736 729.47154388333 9.134800232394891
17.403515230602913 3.7040118173393948 0.810897997376602 0.0972788152701356 3.13514823911372 1.970114363864901 1.5161818145828623 28.04828138441237 39.4090008535093 683.8428706203748 56.40008967587306 27.16985601638023 3.6131158261805036 222.04158179497875 2.2884490077127873
7.524523785559818 1.2154066593356774 0.3181856146978067 0.10499041970102936 28.043755811141633 2.2656166553525914 18.07826067822058 75.15785673297711 20.339921203286114 508.1668259269082 63.34710237928476 31.70290320344978 0.6378366703433345 140.07111889055795 7.958246818290722
18.151317417229667 1.4076311008837976 0.29442630281083 0.36715845856211937 22.90159227964533 0.7250452224954476 12.733418214664026 103.5888431953229 20.142501814842685 252.30899677988856 47.01019636428754 74.5447367191631 4.162562202708516 87.94700943688123 3.3964482351304466
18.76839531581911 3.806492360140296 0.3703745776966783 0.7070844752583745 21.589724717188403 3.5934424430626715 15.566827939457939 89.40126411367942 26.565141787387514 463.21596536281805 37.40593918394569 69.95847395618371 3.124909801994806 550.287485391092 5.055646137819082
3.163748742019127 4.847393187840858 0.07039371809015076 0.9140359395266695 12.050824209108338 3.7595046179079854 5.901062635768175 110.45026942216 26.148414084355526 228.50981073285385 32.09928168390772 45.42281559060498 0.03331987900788245 533.3055739282468 9.31904368268565
13.050506703485578 1.63091175601136 0.7324284054247447 0.0024235360241445544 26.672448658247504 4.011075880212567 22.139104478924533 49.36099631393682 34.71151979833816 386.2220999422155 54.61906449152713 75.14254571645891 1.8439732304381051 323.48941479268615 8.874549434723312
2.2222785314838363 4.199698479308148 0.6788297960143523 0.8646147320274782 27.150494314507164 4.227710646778656 13.175801395799658 74.95041931314762 37.58450844548883 753.1866520504307 20.77902309404194 69.68053364205191 3.7663636181512237 173.0186346877169 3.810049222423859
4.6693110427237805 3.213137270505377 0.92990301297806 0.34078439884474765 8.23166327055339 3.3438612922165123 17.409403670957236 80.53794401282508 33.93909069131367 466.8601520476848 60.74656811855566 76.9377786465362 3.289929097182524 212.09778528020365 8.825461377173951
15.887549981149325 4.001878689165588 0.26212264346524355 0.15102686356331274 27.52073526674491 1.052133339809175 3.835281677687563 42.546928418348884 37.784700927763694 664.2150238797863 31.19985980457735 50.47126834169022 1.3235111398801005 262.9454088061512 4.337643616933309
8.572380711938587 4.48220508409415 0.9187753771353823 0.7758415406784125 29.242700540896532 1.7566753687233994 3.1004072522368267 34.57799586336482 34.384639211981515 702.2358038815275 76.94463201942736 71.28083571870266 2.5769353011471035 404.9269836322235 4.3193362432416205
2.3855635052853206 3.673679586474756 0.08705733448047628 0.12976044732289674 21.348505826868944 1.4875856604244486 23.66755206027272 104.84837562829146 24.7749240946683 739.9816674477091 71.21484706614112 74.9749189071908 1.7220244999253709 203.29110467201144 4.903493116149479
15.223009644837223 3.0372789303343426 0.6122964762215302 0.21420388600163875 7.080897818334465 2.4988873477966225 28.915870921538893 37.69036130021592 30.03467103456181 804.041529345843 26.065156989001864 25.621484632501588 4.097128160791551 130.13858359353418 1.065654262600573
12.625655551212319 1.2118386100117344 0.9859717754370309 0.5576170793958632 17.079382104550312 1.1126377329318462 27.108950260340116 62.49980385051105 29.112106899627126 628.5916415069677 85.62673419119052 78.03489140940769 4.576311706578951 559.6458038778301 9.762731809255598
17.433373145802612 1.8760521043339025 0.5711467835302412 0.09040865390473908 12.724794173466487 2.195640023728978 7.896212124907427 57.870239322083144 32.62965242459321 714.5755942045912 14.13993985854823 53.37517261629621 3.237593857345839 669.9138644535803 0.6821087744140021
17.98611061902369 3.6095612400508443 0.23526376955657205 0.5979364648214255 25.86327119076204 3.544750298119192 22.227948980442104 115.07241361938597 31.01073036454228 515.9555551521937 59.05976500911356 81.22606576294048 1.7822937964418903 677.9336433991592 4.780805601065174
6.262015803394888 2.19609608076953 0.4278651540351404 0.8149514275759326 5.625010337006782 4.357939705173363 5.338150731369293 27.481982742493436 21.51199502759636 697.626248216158 0.6076387707774971 61.51793656815154 3.2661686428047894 192.37359236584211 4.076508072210674
7.688847800432048 1.4466789497685046 0.5483297769812988 0.9181511219451632 26.57733310477932 1.4598381581405664 2.640680984439066 31.35890837650035 38.26037555565832 748.233020609222 31.48588293643118 47.61923921265957 4.7939929341040735 421.88987474010105 6.001077386819606
19.162697861963675 4.625783169034268 0.11517789300138762 0.19695532684750217 23.646001483101408 3.2324090266770074 26.918167640884835 26.04871204496712 22.22498073687962 598.2141779666244 89.80167778678995 59.83240291477894 2.9987129393815137 552.5528939094306 0.5858084728627508
12.798796765104653 2.3542636781605473 0.9144825406019127 0.06948140423683076 14.545380956878589 3.043212337203995 29.23259558430663 68.73735565440896 38.945136431903265 636.7453458104952 88.87861201446803 87.91346079681867 2.129296805932856 176.49356726258804 6.225670847871529
5.453739190800131 4.596792759275557 0.5740214984508442 0.9932817428558505 20.517944573536823 2.2832076068296416 19.006713271350907 32.41460031300871 24.05505205611575 322.4814245493006 57.038071892654536 88.99471693149702 3.324915489720687 725.9363644219745 2.6068416067028135
8.146879421693274 3.8683049646710663 0.565014482541661 0.27055181925252764 19.95229414580473 4.7212806220339685 26.576779811962368 68.02481739117687 30.32313849305101 285.2311950256744 8.452174433665393 34.899824490319695 1.3721580656826595 328.98887417506836 1.796636686749541
16.851754508331087 4.926243406415611 0.12513512732543372 0.6791923877414535 17.37375743868132 4.170605626125653 2.497182224325811 45.09199551733037 32.284626176524725 209.64196339729114 53.33798956812881 75.69318648612355 2.2857751710076535 465.77412212637057 5.69492687315097
18.248154610803528 4.017093996493436 0.8524354913562666 0.8615560135633651 14.367003373554038 4.207804021121364 2.361675920931015 70.27249329640914 38.66725818519643 300.02004225680093 41.72366112255923 53.669413936400815 0.543016718451633 333.369341987051 9.790512410731758
5.994342968927643 1.558261962778035 0.6199549248165527 0.3860631468401559 7.2198356631937415 4.514550729949821 22.095268663686486 104.64576897985788 21.326488076709815 941.539750330175 82.72692723998959 84.99940895395235 4.999676619307206 799.2598371644974 9.917169135180252
6.925544930866184 1.9005958538552128 0.794667308161651 0.2208948505035991 6.442277295778606 1.0196687254308174 1.1834328971928783 31.982412803824843 35.2059483627759 603.1284284321696 75.11763539429782 46.66582952329273 0.1749579216861906 341.8147809028652 0.42265566631783247
2.6236489835394843 1.2435528773227182 0.48786852241247364 0.7142087989448328 17.442774097601127 3.972341811519582 23.586854334319927 116.68430683226691 23.934699518802702 573.6235635212342 18.10230849575096 56.28270482954189 2.5913213983981533 592.0470894549429 3.178655135891179
8.068256463384344 1.7812564861473827 0.7858838553316722 0.8359141948749593 14.212640185855507 4.37463782172432 28.232107703391765 83.90481122029372 21.196006038495458 547.2336249016571 68.8463631393822 37.40812498604901 3.0132922649868563 271.95509831797847 8.369898701074089
18.804869194095364 2.3428431495765003 0.28564224299435 0.6040002744690847 8.473510709483193 3.2602167440104495 21.793074050367835 76.4037942372905 24.985339101925945 601.138911585909 77.48699682421693 40.19489221442235 4.475536335951376 241.88602087766893 0.15832912915967176
6.795473595645305 1.9540596273896205 0.07517046235426414 0.46713141001344166 6.091531343207912 1.3875076309837557 10.841219172408136 95.60698949596168 39.712632733024485 277.03019264151897 40.13348472507128 85.34931469321793 1.9775273653469645 371.80324366780076 0.2211541126613935
3.4231770672248265 1.3740726111274058 0.9224344506165527 0.3448433968094534 20.89631499451511 3.4891693402374258 9.664223840811612 88.50773912894617 37.34639174087576 524.7005057935972 84.321495413985 57.20084958092618 1.139530672039753 66.75239414534718 2.99103321734423
17.33796375118783 4.911683676984129 0.7713389121782677 0.8168253418591369 19.482837009563806 1.13275863056231 15.238250585636191 88.79183787269733 21.627722995713647 286.1243738596473 5.890933194328464 23.816415870630593 4.962668328397395 499.82325694410036 3.0554597451645056
4.899175382552851 3.595073198767393 0.38715295614671535 0.05706201185167247 1.3574229244514733 4.986612728009687 26.02018925184827 92.86691910126571 27.137586051756557 755.9693673434272 56.35070327785246 29.333669031498502 1.5800168681252096 160.96706112052493 4.575113513495534
2.9394902342511218 1.9321241937993263 0.7536838872947467 0.9127198305482125 21.750150355362877 2.0822511243842055 5.563944948476977 40.83906292547275 32.07507037615488 480.0564448719652 64.17182690978024 81.70060691152534 3.959289723088818 623.7411909089278 5.850785431499118
8.309847405973727 3.1284851966693306 0.028779072198186362 0.5345246257173444 23.331729719942324 3.8645952968399597 7.318804771479444 63.410718733824346 25.47581059279873 586.2700649462848 22.094378246015257 74.12846883850813 3.5357116638831227 794.0739934915417 3.2663153922937487
14.698391553583516 3.7622452878140535 0.7371674066936718 0.806302475135977 11.358084166106915 1.538271432235768 7.945514943547393 26.636558293905452 34.64161219926178 435.2231801979882 87.42994293433921 59.99483659752869 1.0722953918613038 576.570767331226 0.9707137052007475
17.035041647263753 4.1772802201740795 0.17623837762089442 0.3124254695987045 13.724796065648002 4.257481836577474 28.63963557637809 61.13435956248377 26.283116584150953 765.5948922026655 19.023270287148886 63.084596277499045 0.46559205057718556 230.28127523376978 7.219833224212725
9.471489302545054 4.583646946448894 0.5852032720230065 0.6203592556564 13.866043263602684 3.4842785572211823 18.170237675363875 22.333962211077992 35.74866481309016 200.68920040371063 79.01870178361453 53.05545873499137 1.1898165952019761 57.081858646943815 0.8390145302789167
8.383162872580527 2.385889403855641 0.9109468269619629 0.3062343964193488 19.45974089449947 1.8611248814474899 24.620418888103735 23.07517633592967 39.517431057518806 328.16822327577734 67.17076808695212 42.288477787704025 2.2563032192653236 439.5437089974842 1.4726919820867062
13.146460663217669 3.3103604329865486 0.9759551719093148 0.17559354965659746 22.746205847211964 3.954464997226779 25.903069016176985 48.46460045151109 29.78720362742895 839.4553771513077 57.96107995402531 67.02995247767534 1.7005037190617853 224.08312426314427 2.690136643221006
17.51314859376481 2.0347200111745325 0.025190936855770705 0.6389298841119067 26.768578231205083 0.618465832500432 4.406460663211727 43.38340329891969 32.597098965863296 630.3152109789639 33.46628108954339 24.800776903188968 0.3983802009264814 536.8743709254736 2.0167600435663813
13.966398857101867 3.0596267481926036 0.5264241638442723 0.3547543359130001 8.717594061152838 2.238748429675286 24.453706746382437 59.8868946048908 39.853318970016986 762.8288378452273 77.99695046436243 48.109637476348965 4.85445300187417 362.4276142503872 2.0045152149231056
11.917710460566504 2.576081408451729 0.30866649342439906 0.6087460946451689 25.56345322714306 3.1739000748501542 21.28664766009527 39.69413263989824 21.94992237190373 311.87864459262386 84.66499178507182 37.7352706220965 0.34348982371208636 395.02489407438827 8.287768404396159
9.746184436654062 3.9285008280541724 0.26537117617819284 0.16773893240116858 3.3133843644387446 3.0880113837103105 2.780330472184497 82.34975676845201 39.26167314287223 290.4155412540835 27.016305522029946 63.726609472790265 4.676327179730878 464.9026664393977 5.606749834682936
15.650621579240863 2.6165336763355014 0.0767831314798349 0.6884617016441807 6.1392233063973976 3.0192934448514346 6.882601785710011 93.14377785244903 26.79157446932269 661.4548094335175 83.80982165106313 59.40623660720814 3.4881598806318803 48.68443299627727 3.1286554574731764
16.26822076014889 1.4728351960947135 0.09843541188144928 0.6526256690414357 4.645284460717628 3.6525210556391987 29.76428545975465 60.44309314019808 21.790099960621653 561.2025715226468 40.21789199980003 82.82213306594886 0.7236395022958433 522.6915076777882 2.784924406804003
16.21727439363893 3.400054172389073 0.8832866221127524 0.23192401874562543 11.448630298511413 1.6204455395707629 25.33510570542592 54.335778718766655 27.560646808273567 258.0716794024093 7.193339848885917 21.174360576697207 0.04034414003191107 588.2052378144232 3.234478300136592
12.239695464808365 3.9829957427643126 0.7035454013362181 0.7840897379140305 5.988091034256358 3.392779213106217 26.134274014329627 110.96222277422162 21.226156767228836 396.5450476547498 7.381007226059298 71.55089639082078 3.21032050011606 281.3977952603744 1.8326129972002396
6.127536297057373 2.43281237869223 0.5552909624314292 0.48078316213545125 10.212115484353198 0.9153394635600058 7.575887512722497 105.47818292380637 35.62037492251705 605.6461836492167 33.60603292254665 34.50519799979783 2.8831696548569417 99.94245737581544 3.928133196580919
6.483024244255806 2.469188050768687 0.2522611994774602 0.6961976052074693 6.929337111916369 0.6643447174565804 7.438410993397259 83.29748718610128 36.780241261732996 235.09488195865327 50.998913159394874 55.80868140571556 1.3624630932034538 470.203250888927 1.872535622956799
10.061171007678631 3.7831211733286167 0.20106484418008339 0.26001774024217855 29.968428984536946 1.785918814446497 10.191285598877 78.42048716310691 21.06699519819667 231.35924662686799 58.49415224045367 57.90644112630258 0.7390805963126472 114.90894624677127 9.05218553380742
15.592690174072626 1.3596250273956048 0.47075643463698347 0.006510202915195554 10.574050302354962 3.455124364031253 15.393611846247019 77.48687247339856 30.118054600794732 679.1585066251998 75.38133278499285 70.22118417198598 4.38074820593341 796.0365489110743 4.209428086551953
2.314616239966181 1.084955083581498 0.6402918348195454 0.09444046372839757 25.693300186423095 3.7958751235545605 8.522316063418168 61.97561503824241 30.19066500287947 911.4747905147378 32.5630336327839 65.98843493402507 3.4654425501852515 318.43175855569626 7.230460317568921
17.071532735370965 4.809242706318177 0.292436763040869 0.2881522392556507 4.153462307678618 1.7081510799092374 4.385924038435455 105.22656264653072 29.451548119544704 700.0453333315304 11.741815696413168 68.98127043816872 3.8862573037484487 709.6881543616092 6.9969176551995
10.517807536992159 4.369012772628119 0.9396877253463278 0.5525556891977272 16.99469380450938 0.6334869325630683 30.836785669601845 56.9886392576591 38.75876971051392 657.6785166013204 44.38607538203331 53.88927101775118 1.026269529556839 119.99811362039428 2.5207057610808596
5.519580738042983 3.943778075860683 0.9072940970034981 0.9014000768644553 24.893452793388608 1.9456707444443886 29.35185543416002 32.884159266299875 36.41383088322952 795.5642822455675 23.151170854320835 81.45687732952715 1.131592058030179 598.9057000876145 7.939665470587388
7.038038025322852 3.5592433928342126 0.8876720101218509 0.27359643776849546 3.74375612755677 2.003597881777151 27.252846362688334 81.89719400604943 34.16976100054039 884.7430450079314 80.42094399056046 32.06270210719785 2.8878629145706523 688.4784977335602 3.7149323438941133
6.869375875347675 3.8213475508535097 0.709059338675601 0.5054451798140891 17.983280080646733 4.287490528360584 16.542523054989132 35.27091844151175 36.81872399527681 304.4394407848142 67.29294790763291 54.451888349386415 2.386730156218156 675.2592786559071 1.4523622414945758
7.042107555807302 1.7339711610017732 0.22304455391767097 0.9340697731253916 18.034782011802438 4.8876772682321965 9.407016070562246 20.90849835434468 24.585997600669998 405.4982945708277 48.68945123082829 80.28527031368992 4.732834647725995 295.9628333490139 9.850311374883574
7.920304655995441 3.3800270350067643 0.9499035789315584 0.6572434042538188 12.69482903832913 3.932239247737574 18.826745565820367 83.3392678921892 39.947574878532386 864.6949233042429 30.35024799811612 88.82012064966531 1.6750441219449905 625.9262120420725 0.6439082441870569
13.025964881382617 3.848346143627424 0.9721499406599745 0.37292107648553646 1.3888555985095765 4.661150100604828 23.312338353602645 111.18415047774971 26.634422818989833 963.8662621300745 45.86032450660669 89.95545320476909 3.2690891087247103 354.31833323575177 8.884599289926028
15.268633465987163 2.5996671610021345 0.7745338151903645 0.464358800352809 27.749019252909825 1.528286418838191 25.197417070683624 47.127186372763205 20.460094838783203 844.6574121534742 20.090803741195156 39.25866677882925 2.3641405478792796 473.1870753405024 3.885644895848606
3.7431360752990828 4.146435151534057 0.5278410198210679 0.5666134323010106 24.231873116401868 1.4185578665105822 17.314001590787424 103.77433964772395 20.252178827790466 331.52667363824014 4.0719898616911046 58.537514606896664 4.639578423885925 254.8561226663049 2.41819813197176
7.814496385114317 3.0829822416670933 0.5964138506267134 0.7641933023145091 15.467561067605143 4.038958193961779 27.816400679858152 53.64930229737442 36.399407078371105 609.4591899823392 39.210754204245674 23.125917734161643 4.831534946092856 74.49015314791575 8.033438816430863
19.341717286687444 2.4137515672248413 0.5075770936034787 0.48580068949403893 27.21461578366923 1.9189311146434844 24.19961638926029 113.28330363918934 27.96443987705417 220.62635604005573 62.11749491800484 85.89637873338643 1.4004032118629042 656.3302785563698 6.322688044229663
19.867811525309918 1.4577618227514741 0.6724144422782307 0.15754308024472372 15.960363858300516 3.0296194542385697 16.776523105053982 50.573363053112416 31.162884226307458 675.3919640887386 5.036886435480522 38.82771422613284 4.119725317693598 351.14820641785224 9.683275520980786
3.635095650091107 4.866731589361349 0.19758336650702465 0.8298003174245042 23.4794218361258 0.6677489465647497 15.161636978432254 38.334443526418255 30.25286157251027 565.3249035209021 2.97909317488901 33.41607064987039 0.2971863100120399 64.40526488543412 2.6166563742179942
16.08713597893753 4.644760839992942 0.658838364376996 0.03733644087556457 16.555129849208406 2.146205048664611 27.725136401673126 113.58502112249855 30.38005240518001 418.7730994046334 32.99183589490596 70.56249831985735 3.9334683868834497 618.9702921077653 9.528145477288554
17.88899651263924 3.8947463104298454 0.344430010170579 0.5069357398408214 25.537205020189788 3.147882938856915 4.873495948216318 36.071067541148636 29.84618713783867 674.0585062647232 67.90348459802426 72.83514512195018 1.790501278814712 683.7264555067558 5.436445934537777
8.62883341669502 1.850458949343168 0.5173815435789871 0.982332187236553 10.507924743893412 3.3637403548843445 30.459500621594213 59.329930733244005 26.260634038143447 248.00637715539835 61.98954458121274 52.64012666593185 4.286431371828315 747.6908062006694 1.5628065621985279
10.820069828627025 2.256345039992172 0.3206651646118012 0.1346587836596456 3.447782094301982 2.972900021037846 30.945560400766844 100.58341925226875 24.12077975199729 351.01514498566576 20.27622708342842 29.97341781768632 0.3295880213424144 312.0216188251546 4.922899861523525
14.253834689772503 1.9817877211623132 0.7138580996320147 0.5258052076127996 5.028779027031532 4.781658923788069 12.109559920199933 52.838222700589995 27.107544399652802 736.9485065188718 13.485598890512087 50.22611113607497 1.2974539854935503 143.47204010733512 0.3680482584504441
19.650783950251927 4.0798544438399365 0.10835095936784626 0.41576555770866036 19.264321767282237 2.820220287428284 13.482626201391469 61.55003906087823 31.750935465438964 237.7147626910609 73.33899080085358 78.54785923379686 0.1293811017279241 530.9167441447223 5.19779380320806
3.298558606054589 2.7527645151908144 0.17857797373451093 0.3772663117636525 2.7049390124288153 3.193358256766568 8.681113626877274 57.2241239474108 34.246569203557804 449.9753157044144 67.50509675907287 30.07814230352251 0.5254157299603879 414.22470698152097 3.45732851266625
12.882964049710125 1.2845263599188719 0.5149205330927229 0.879656284722772 26.848712256360862 4.714373426299888 21.801164880557984 100.15988350950994 32.7794883396726 571.2995556242352 56.705669618045505 48.37649674498796 4.939378183392462 481.6051163033612 7.864903642622466
15.988360451059432 2.853669966293401 0.37943657568414746 0.671490002152833 24.30508906532398 4.50463266087965 16.356775567089944 48.971551041205714 30.976422729855095 269.1870263045128 17.452437030361367 73.1011475676915 4.328261062284547 659.9731754507399 0.18119329746642615
13.664376625819838 3.0180833146631483 0.562414081253973 0.5269946287441265 19.31645956794573 1.992255714608675 16.12020556985876 35.466828883008844 25.967871871731717 359.3475832417449 18.659104128696928 64.6555953642204 2.6764793047619277 703.3989674428249 1.5253758791858996
19.594464557961235 2.367871428990543 0.6947133131610995 0.7701867571196287 11.17462713798906 2.5787276513263153 27.648311257153033 108.23290815290498 28.60281052729074 743.3672736701487 9.276461879099644 52.26661676420677 4.462713863973018 764.6554852926655 2.848271202147004
8.499852954874749 4.165166097805159 0.6240191622799393 0.3595128039912797 10.67391720961639 4.157492766107337 7.082620485862505 102.15212924834574 35.51076722151315 412.05822876921036 69.83169620847121 35.21936728226511 4.39096182680864 256.48124056618576 7.847762037546276
9.563947655978218 3.243423133040189 0.26776843510955517 0.6819938059424328 13.461889793288163 1.670320243043784 30.778694114172144 70.66271291254444 30.717715498863214 373.0401881111041 18.340517828616633 84.28565543663832 2.069254237063406 121.62017717567518 6.097315386608044
4.762154416685986 3.6509865604137453 0.9958053570608058 0.6360763274782608 23.09155392698051 4.34596431756121 18.47724557701082 33.72362577192201 24.85123028918557 935.2189640305604 82.37243646072501 80.6007987276553 4.208128858755519 410.97161643353803 9.036209475274033
9.532809328881001 4.726619732883441 0.6924956583673929 0.5542018017323607 8.338115791301037 0.5517626364889024 28.480922447511105 98.80490508214679 29.276679101774775 918.7602547167586 42.4686187163293 76.05718895552117 3.8291065653289698 479.94528666191013 7.4397360918033
8.759473694300103 4.937661150514841 0.7788468932348256 0.6167670571805394 12.934571325862738 2.5696899239003588 11.383467260493934 93.62953119107858 27.7749225191493 968.3253943715079 38.07885177819324 53.15252725877609 2.0606888463372575 723.8020723065754 6.444721218024657
2.8233902097835206 4.268419050027372 0.7606524433256443 0.6969192898179125 2.994291191062751 4.539973855794844 5.693777460486008 64.27404285261171 27.250938444256573 281.5939224561853 43.509360439372784 46.97565338867413 4.356184238734746 462.64413317583353 4.265985498957029
11.252207664485795 4.705814101875854 0.6011687561541758 0.8318788858127513 2.2077195179701548 0.9280353768618096 8.274036638140311 31.185543967075922 24.515682515113127 856.1775934770096 23.404879918789522 68.01425054674081 0.8417416339599837 581.793233667577 3.6792341893277625
16.32065984359614 1.529348225716704 0.05051309279054049 0.8566196781067685 8.80409661114724 3.077990698714449 4.513624614043644 71.46761474589647 37.1479625983425 867.0989081927671 1.4192692658244672 76.57022543529236 3.8809483077881306 260.7065187822859 1.9429891481083075
4.04459176131458 3.621229324812657 0.09546996585556383 0.17681445963606046 4.21955564897001 1.5701722349225418 23.837884892544256 66.49875238614374 33.318623179399495 551.0299607915454 26.365080737373507 22.3393000342859 2.522960111801135 490.515025118008 1.3572542594945047
9.266392191742057 3.662231994242873 0.23182418770351337 0.9947689790283347 6.742441302056391 4.485863017642453 9.006843158978738 90.57170462070683 31.21470359158483 464.534014816982 0.011526695957808785 24.32069049484344 2.7749356357675175 750.8619500610978 6.58899073401859
11.839128683318249 1.2561171136480216 0.5994830002787324 0.03202105726511383 22.000434277050726 0.9984730537162088 17.953600064005904 68.39234301472388 30.496363318683418 638.8332876945051 8.843206831287118 77.31262301819118 0.24096117111858242 527.8524901639935 6.724476860016048
12.702466751175105 2.735094810070956 0.7931508978979853 0.9775124084365695 10.28025663159343 4.830354247885809 15.776962174603362 104.2695834372486 22.516727327792886 873.431846349574 24.890962357341408 62.82048628460165 0.7785058065962605 620.803808688435 2.0797107339174716
8.460204632787592 2.503776243384859 0.3823829413502257 0.40241483346029905 21.645713213864646 3.7825728677598636 3.42463053339686 73.06750893237421 28.804375678465043 993.7940868722503 49.8719999453747 85.59428053759014 3.0568144882839388 508.39787190827656 3.3606656310601464
7.313889261294836 2.464633383388129 0.6735092024436826 0.10076146362319245 9.547897930220978 3.550833981247476 19.573222742856544 115.51108069626298 31.08279450754966 751.6316755706343 41.296686282166334 29.150363447711726 3.9965229147744497 71.80483005572296 1.2113857668888248
17.762348569750735 2.897813523439818 0.48618679940373566 0.8585990990271423 5.311767172425438 4.130159961333409 7.187172078314294 102.47301935839036 34.50247225526059 429.255340228919 34.60976076188853 71.8682837444928 4.192464592461303 168.2414480477965 6.84894376644126
11.013448541637361 2.0463259362159594 0.9891861259285463 0.22969956526475627 26.219706141184382 0.9703807655495904 3.688947900436541 103.16646758614799 26.39293659461596 444.3127286707346 35.24366648848136 27.998453887644438 3.4046112367013293 348.9321939272124 0.11318778516019652
9.881933649394941 4.127231303055831 0.438305075806814 0.1909183901060139 7.364522658768264 1.2312897050606506 11.559299679434462 69.65711907679668 21.89064388356802 693.8404560401506 4.633593216162924 82.60420354388597 0.5515406676395272 238.87529215669383 5.664534078417217
7.213276636347253 1.161622766428232 0.9589661728088348 0.6695480182787422 14.504240192363493 2.397157150107989 1.9895982514786814 69.04533953298105 20.4929654514527 887.9573989423803 46.75287108673283 74.1560838851644 2.171138791004653 191.8498651131057 8.47907840541632
16.68944900764972 2.663363378276414 0.9462764433577402 0.588247571080081 20.220718610023166 4.63058145900893 26.837565707237385 46.36741598773254 38.142558766448 433.83087291299165 26.547107318286074 27.489098447668592 4.115315131390892 763.444656525399 6.421547965594281
2.0436320107785666 4.762018532944311 0.49437668362362225 0.3012353509403378 28.44755641671548 4.1987757144145235 17.09451660621999 43.188982841385304 22.53458166645899 685.6692238602491 15.599756687754217 59.183587515481534 1.1513636333066697 243.82709012232442 1.6374471549240341
5.139732329213096 2.794316827647079 0.10094363603723017 0.7004658981621867 21.397469529692206 2.153828349023488 6.9989210635132455 87.37690514719775 28.252114118601796 356.06318267346177 39.779211104304835 49.35064390333068 2.749113517258327 385.11906852011174 8.575115460476965
5.36820811080658 1.8302383249483705 0.8024263396337593 0.12398005187706528 20.936242843196805 3.6224650436513923 26.287881996737994 41.848697422606335 29.674860179616807 705.8630375260155 64.80358609863036 49.65503098815993 0.5162173992238129 688.7491956206206 7.154627919079546
15.357469943344029 3.354585195700139 0.43333555679416463 0.8849495464250591 22.22000799363465 3.302336892487477 19.346720569872364 72.0814507640053 36.17270979391782 270.71927702768335 53.696526877708436 47.298331570969495 0.13933392845993287 283.73248775186534 5.896065884107338
3.076375382114099 2.3160681856858294 0.34330529664750037 0.16127947014877125 4.949048842490968 1.2385797632892888 20.27904130416148 112.19239723702711 35.44336702143424 730.5096283302049 45.49189561869874 60.264282406112926 2.3177255701357207 179.1891762332667 3.400127478534353
8.812591594644934 4.153951981345887 0.1707311504721335 0.9551968382378102 14.095057833503358 1.2638962483940528 10.744127949712277 27.786832882764966 33.708811738852475 870.902594122196 51.41681342094647 34.05349819287489 1.6571508594794635 337.5020271086706 8.727507307436383
5.768762898383477 4.816065766094601 0.46535279837753374 0.9453282854506357 15.048509891475224 1.6970801731198795 28.02579125393685 55.445952785611574 24.659375401526344 980.4930775191362 52.317935252592164 47.96751613160456 1.8683699945959042 200.42441623127652 5.410517767334292
18.329627366345285 2.0824906250819177 0.204663879333707 0.20912833560467245 16.792194296521856 2.741168156960541 15.629760938522539 92.09469203997122 35.35718966688657 976.5711395125774 54.3906928446469 70.72401560728304 4.401814661976819 700.2430151870244 8.684059948828834
9.04547806530907 3.1509155729713307 0.35204908858943906 0.4374093023281098 10.034552633097672 3.208196213609208 4.0020269524005325 56.34054142158599 23.73707589178013 888.7636252548598 11.638632298069897 36.09327126104439 1.0959257177757948 137.09360060599812 1.7303489075912437
17.55769371494577 3.37140128055389 0.33973382890888437 0.44754937099305303 8.627082883809312 2.4201087975100095 5.400133351611191 86.39761803738399 38.86180595819968 821.2203846262992 36.90164808876083 65.53799926470491 4.513316549733198 372.98544063030596 8.323517503432079
11.135552950444627 3.6289291246435647 0.7189819953758306 0.7904239272980567 9.025474205061885 2.8327683808129818 30.019641574302113 97.75954745347332 25.06102772860493 272.0026982580856 62.56097479593459 72.37540268994445 3.929743768065781 475.0918881971067 7.679405203025462
5.684655919057416 4.331742138146423 0.8339962902447872 0.3500000842865553 8.389169762542977 2.539951553701558 30.24401120887792 33.579635674765896 32.438695982512925 878.4658949436995 4.413679782325952 27.40398589745306 4.041082797198483 505.1839799416429 1.8840997934170125
8.220794146450455 2.3994700703505565 0.8415270146652963 0.28370468574048546 3.3786407555761397 2.3603322070326307 17.646500518515662 36.34774584750625 38.10525752865067 592.9992580444975 60.17141565924086 27.759893367995378 3.623264081357551 307.25964292561446 7.594388020263407
7.258720704411247 2.004102628295735 0.6382734399866682 0.11337962528044294 1.1841736891042478 1.086724300726148 9.1204468975348 96.53819465993638 39.14302606432854 760.05839064136 40.64307248580803 30.497871426260623 2.5014448782734893 144.90046684400164 8.14020375282315
15.45717016144885 3.8827487481638117 0.1920399909196666 0.05149344186080825 21.843819695930677 2.934052272893517 10.007818679442108 80.0583859309569 25.27849874811119 559.9785023951504 88.51266626887056 45.67382321252934 0.5687064203219853 495.0012811729357 5.786351136218939
15.685032973182809 2.446050657590174 0.009098209951911788 0.023841457164813087 14.690381481268174 2.101700486021171 4.645256377255341 116.02671777188004 30.879297033485948 476.03754602086974 2.1286545717691108 86.60318515090277 2.602363484259105 393.1357923073068 4.123017640831628
10.250050998049065 2.6021172394897745 0.47736156694169196 0.4334401499567752 7.49932987083298 2.2193355258612257 11.246573529514245 57.42124186087231 33.238674771881044 727.29203753241 34.845730612728154 61.1666476864361 2.563002489820627 573.8638428722294 3.644811056129997
14.839126163911068 3.7399560152959306 0.7251732914685262 0.769133441186599 17.776937631822403 0.9873969762363018 25.230212633597368 26.799278348484435 26.825849395436684 810.4275398405035 77.15043778772488 64.4915712003648 4.338978063408575 301.0349337138571 8.655381387221526
18.73772028555741 1.422125461062866 0.5211653822658978 0.5192181404948573 22.355559902832255 1.3042516892337974 18.535722252667803 43.744805178323155 33.909723763782274 379.357269410044 86.89254790175777 40.98774693137767 1.5454349571706127 68.91570757586459 6.168435102292998
6.193074651465807 2.9393719117115324 0.9692338952837907 0.12251140020340377 18.522788557635103 4.4634694985437084 5.209714516181307 60.248170832708084 28.097667515488105 492.6535805295602 78.25430913680955 33.60873731513294 2.9204483837058683 403.9119302023376 9.154997702211777
17.28830467622104 2.1540161067639136 0.4125882783411363 0.6280617303724868 29.5867644923207 2.6268942797678245 14.147037839083085 118.19956054291717 27.525507340901605 400.008518505303 65.42483346276586 66.39870509089519 4.886155248711235 565.276458718649 3.1635809742698813
2.7342992773503436 4.352446128635707 0.6671124916371303 0.3147022864885668 29.152800887327352 0.5888150858150987 15.469267062184347 41.446390655511735 20.06613305359703 319.2231393448546 24.40732314094725 49.115848432399346 2.913615112758874 215.09904939491395 8.544780044110546
13.292425373623 1.0666090265648782 0.13123680517043418 0.6104668374545117 7.39765604134269 3.6687513997237553 19.706145901369446 54.815400988799716 20.634838709870444 648.6782836431544 70.27558811986837 40.66650918243175 1.461547750264919 273.6877945633004 2.3637423696597426
13.398586655553682 3.142183149223588 0.216264919599685 0.3752765299923713 18.20277529658268 4.267785510039178 5.739611101535574 114.11412302953975 31.808392318303824 634.6013159950701 29.797464072606164 86.84201588975506 1.0623139324202222 305.65780482918734 7.512463283327983
14.08031348272797 4.998789772291806 0.4918789841153272 0.33672567436639705 23.81214815883541 1.083291549279849 8.386723303850012 36.66917546443388 20.857954163138558 779.7631961429763 59.8853193988338 36.3952625266074 3.865980485439651 453.6408304844054 2.125143377989697
7.379301222280639 2.930809880174561 0.3023283298643771 0.04999878328586658 12.531572404282977 3.0960540448844136 1.833384333828032 42.108727950981915 28.79404022526719 578.4985507655217 2.002547439400579 87.27163322186556 1.1682882214737846 594.4423199945101 3.51067076245926
5.789769040324629 3.4538662556615822 0.22920791910283503 0.5301867831103555 20.28671818065753 4.086610110753217 17.889707376904852 74.58728776333209 25.235320876888252 618.1045934868741 80.29842235890722 32.99053900322948 0.49498191262627894 276.11480756585973 1.3978277754624688
10.713703060105043 4.856759562461157 0.18178893072452215 0.14386123067446807 6.59159105753587 0.637964896040671 6.176230449803688 64.55085981889795 33.80528061783196 325.73544216853895 23.8314489906711 52.79868111552759 2.106177046488856 788.6352828415202 9.725456744551757
12.105328682748059 2.0231345678883024 0.0367070039943944 0.1730546991920504 21.917616239437066 1.8146914325011858 14.635434623195797 75.43959261140752 29.996948658070714 792.4485819646794 2.5195329699710167 87.69687463418985 2.846105422229247 617.333874117933 8.008812932713465
6.438467900199793 4.628734719608664 0.6364886127938704 0.1373022203369278 24.71549879170895 0.8610135132800179 9.77236888819648 118.77667207602865 28.28977394780801 424.64974920285914 35.9396132552464 22.813088988874078 3.576848127632682 269.4318260086544 5.446846640464775
16.912863881592365 3.238590294647745 0.5404550808081172 0.7327776003509607 7.159739196466187 0.7907683237241512 6.547822295403112 84.53079623517075 36.56855457324597 928.5067211941204 48.12572047589824 85.24284372149583 1.9002721026313463 353.3606712300899 7.416290844197918
13.165253140751762 3.5688843046460024 0.3298009119066177 0.6749147908947559 11.13675876207932 1.4995463742914186 26.71225591493761 107.57734083973834 39.39046963734219 473.95940760006783 65.84063481535355 57.555617988099165 1.6022597814261932 515.7379189125065 3.5943098851320374
16.794709473016947 4.664983806245009 0.8458793911333098 0.36114853359829346 7.597988353011608 0.8844540295362138 14.741723577670676 45.99008579090424 27.44112855489653 471.9351838494594 85.85514897145777 33.92713122229223 1.6865050932133525 664.0908360270604 3.0295394033537693
19.966313746718978 1.665722038650285 0.4667587571078765 0.20138618631438698 15.246684244243555 4.564706226573303 13.306606687766667 22.915900787484826 39.76549915616944 891.9780444662501 66.17106545093773 21.588310922705915 3.1818130353760443 429.94566612939474 9.429412047722746
6.64396396225199 3.915234839547598 0.6294956351855306 0.10815570841962381 6.23012680194902 1.8891947841004366 14.891606806211037 95.94766754137939 20.91619686777716 505.9957804976473 14.960978316049669 41.15137280779289 0.3694663070473678 509.5711728995963 9.086984377519556
9.951961620406623 1.5793089633397988 0.3120303217731862 0.7422513031968769 28.157267741421734 3.7050215136732962 24.049123428532685 111.9639239570054 39.13192018627147 690.2348455512804 20.595644397162708 54.94054217360049 1.0007935086487956 708.6712390402231 2.721414128935355
13.587282413619679 3.3992430355384706 0.40408250645618216 0.6484950720985336 3.610238663299556 2.798094960885832 10.522360800751224 73.87712198843496 33.56469563765306 786.6120180548521 9.716903686428967 83.96387542290192 2.6439387935152108 148.05900709101132 9.267979523121644
11.875441190261448 4.828631465721763 0.18372569762788876 0.7442231041080425 17.22457335031815 2.300524850438827 21.671577626345616 90.12921555605121 36.31051811587765 730.7223535913083 38.220891518675224 83.05223905834114 2.24790341757593 511.6373233837672 2.3896648760186956
4.177186752402634 4.098690542269031 0.11287622649346848 0.49946896954532394 19.69789614511816 4.051238365828269 26.42765455037837 92.58286522721832 34.808193972747205 723.0220594028325 83.19261212734261 56.54630329001564 3.4722128599292397 719.4398661163157 3.2820979374220802
19.569843216298686 3.683870726365947 0.7338920939541141 0.020043444927972078 9.243790057249804 2.241894223578264 10.415921081490868 87.02257245273064 27.327161134822816 860.5646908522648 35.52789083561421 47.354883567812024 2.956131909574728 774.3372318588627 4.869248980057916
13.514562038033466 1.826168812422303 0.5101288585264545 0.5900525445835473 15.70407352559925 1.164829404076336 6.764124211427817 48.10912883853959 23.928529356680617 642.5629033747759 53.85591070263145 78.93562405810692 1.334631006871547 91.66064779405312 8.756978149449878
4.588290764109125 4.455355879241738 0.4079687651210798 0.029642972017213946 18.690112706504475 0.6839423114791704 19.641708940507762 108.8372320022965 35.8774048748638 777.8903699544747 51.210495145377934 66.84284475123678 0.6176083491136033 544.2590870493704 2.1793689677528034
16.948507299948105 1.9871433205600246 0.9029045526328512 0.06518060498214469 12.465054371273947 4.246755164759712 8.145689424119386 71.8275395482061 37.50575217987081 452.02486689008117 70.07820824010675 89.46881364591492 1.5140421238558446 754.9946735368302 8.595590112910322
3.2024046570796156 3.070348746086099 0.35582646721843786 0.07596686632082149 5.427416013204385 2.340433291318589 12.01971310425289 32.011302533041814 24.907011325438518 876.4932852812342 25.532136070641947 26.627766896338674 1.212771133972457 418.5109605320737 0.8599276735332749
12.47497159711832 3.445292430641784 0.14934182084845782 0.2261176919021645 29.12632041457793 1.360760041487906 1.0878534884358482 71.26002563976952 23.26326010926465 623.6066932388221 84.92531050937149 86.97526250541257 3.7060823256512925 486.7905503010399 6.670334562447995
4.377118533396371 3.488334273258281 0.7658081771371182 0.5434913594773674 15.88500003669712 4.919336596380287 11.440807059175492 41.15626481056678 21.062262593655912 244.29900127135483 89.432726714062 50.02602115581014 0.22046742061669983 638.1929993341156 5.020764182285356
5.351216325305421 4.027527814455718 0.5368721509435117 0.8960173715466191 10.835588488275745 4.95313404970535 15.878854243320493 46.20687381727237 27.69078133106588 923.4497657805778 50.45962779009177 64.92365803675295 3.2251346613303533 97.26292915558605 5.759626616838453
18.98524624746969 2.891541246500532 0.05351483776989986 0.04566771705483919 9.658600730497755 2.132237749062412 5.888968427629691 95.10697158731303 34.10912506350015 376.5599094502546 3.474240211106022 84.59766268339945 4.302118943763884 156.9716818872562 6.918399714426047
19.225300850646494 2.524667505165371 0.11976908600516645 0.66002929930306 16.438432121177698 4.644586830455168 30.67366051026677 47.60803722775869 30.855962720047643 927.3119502786758 25.384731896051093 55.971218767777 2.624321134002941 563.7834965763194 7.372429607210242
14.18834613877498 1.9085556961568184 0.45992316085333923 0.9836285546231404 24.006601262580904 3.428753680119794 13.019467781029174 54.137479260593 34.425579067763756 620.205794265273 38.76823509890116 24.173661775350467 0.7013499674309207 693.412274329589 7.815123485089146
4.569745923875999 4.774854481273841 0.42536062123727264 0.1661154548212823 12.313714933938488 4.983668945270202 20.922893344384384 97.41129284158052 25.78662422216359 581.9924890311424 55.0449729684139 41.837294785300884 2.429992445404584 741.0076544240117 8.164388176884186
7.4909075116886 3.283712335153969 0.5055032824624681 0.9728231269377061 27.399510369876964 1.1181221785100184 29.139995878040676 117.96812776426766 33.48291519257008 733.8104012994263 61.35950658738409 79.61636415958102 2.217276909840302 315.30379727462935 5.352289007537811
10.96471495276378 4.201908169635148 0.021646093185996015 0.8122142230941877 13.473255330335297 2.6395268411329056 13.238721865136506 93.78533945469363 25.82804035917951 836.4476097981981 14.683694916081784 44.09111908147726 4.235047466412294 695.0622034874705 7.624848728157212
12.925454670781251 1.4833783517917356 0.8184176319528313 0.44613810214461896 16.599121627073888 4.754169284235502 30.357370653383594 114.6421536741274 22.04792251411231 324.34237667513037 26.728830131429376 33.23968801210016 3.3585597534310074 671.6225879431927 7.178017435173163
8.676130084483308 2.9096022395886436 0.3058465933922563 0.03342580908228968 11.555936826571708 1.7216392588866127 28.165721456618275 94.3271525269209 29.495202612836746 487.4916588175511 9.374534755797114 86.30426678497486 4.747808713734413 745.3108376673435 6.064763065179683
12.361165515897984 3.756019385766852 0.849069624470122 0.8007898680307325 26.373153026924527 2.512410935086889 4.10931278101978 111.42697835223892 27.637572423188082 922.3806395467661 44.81377321613312 36.89797790253019 3.0825159504605866 680.7774614951844 4.361514304153773
2.490075135429856 1.605715626824961 0.4441215652005319 0.04117817874715705 12.274635848934064 1.607094869389821 8.951567590799385 106.03059149616314 37.41983165196466 594.9927502259159 37.62044792293627 41.376070807989876 2.3112095219663162 423.66458391719317 4.836090418297552
12.038276145649059 2.2773513164033607 0.47449358774248496 0.8215840272172739 24.676378378112986 3.5126829708876017 16.061859035884762 98.27643880479442 39.656658052506415 314.20651983175645 84.11886346676991 61.75110060513334 2.548086454518966 646.1159446460504 0.3401421102699649
9.367618196398002 2.2239570426994177 0.36600343609862757 0.7338289150534276 17.57009630776624 2.8724902670040673 18.70554619719362 107.31778169155808 37.60752053888061 830.7059309896007 43.44824180913595 51.578672420419494 4.444894741810278 450.6601711230779 5.290209383556725
9.25251971101664 4.390846018870731 0.9920748154527496 0.3641112386199792 20.718206152455043 1.5616167901832472 12.373035113735359 62.776166902301085 27.878875448759302 655.6003979441555 5.635947474743583 31.431515148535624 0.5886584551361452 769.8044471912447 0.9567981584021813
8.027262455096007 2.9726760343049725 0.04633818968023108 0.7982251997530527 13.101027491738607 3.325597937351663 21.128591261175355 50.02676312379593 29.013955303158134 901.7261610316104 28.228718273568422 75.30304686163328 2.853830298923951 442.9356652458562 7.5906440336319605
3.619904908284974 4.214465637653424 0.15005516037214936 0.48822805713968376 11.705754510794685 2.732565152337529 19.93436377276322 91.97070900243004 21.35721156644941 277.7419591684496 80.74301944918814 50.74303615601882 3.0924415983680302 52.573570795345596 9.606735287271361
15.047557513616441 2.5175092294171457 0.7992469553678008 0.23652478987684014 16.08457087488987 2.588226981595459 18.627298906916916 53.05424106505083 26.464975246223972 960.2343824594855 63.19760897696446 86.11181627508032 4.549652488552388 642.3849256537756 3.7669361269891084
8.241138851216636 4.709642115882838 0.4315345723880272 0.7535201828059225 27.965823287799754 2.6056873676852685 11.77867855104374 25.544954619074577 27.38908819451877 581.30827490778 3.872530739867881 72.50183760613376 0.4294309754071953 761.8230275615734 7.060976882551201
15.12473626117846 1.276729734566615 0.6330338772043181 0.7188488622760074 5.739680458845571 4.762620030975532 25.768649845926397 58.13176753053411 32.827683949507374 721.3141432647492 10.821079903043618 41.61633554335489 0.8159237450640561 491.03069195524546 1.4911413418249166
14.55102594703363 2.6809977412482966 0.24822741416412608 0.15642849415411947 4.0229226630561445 3.717980660911332 24.220863686081284 88.1585957695332 36.90521782321256 988.5344178055063 15.766867135284388 51.20266208433446 3.907423086037754 557.4150934851488 6.634755670573195
10.157347206048618 2.9979025584171115 0.8934773304792514 0.8704142291014868 2.416383695021443 0.8599902443112997 29.451783342139358 98.40765719915862 35.17120429123318 913.1659325749097 48.43920235415427 77.85710893895583 2.8310670545608247 609.4699255026833 7.5496929192158575
14.134271563231271 2.2976313990394353 0.9975023478264474 0.3896105532919124 27.336919764243852 2.6722451362394035 2.0675194993570494 79.56381319011746 25.690694456807428 366.54855286043147 87.27263903968509 43.140023343995004 3.3473314883623084 548.3768079873587 9.302250425241997
19.475186929064527 2.1451295597740385 0.27965789494192206 0.720381353184553 7.7952678747678705 3.583807794956019 21.45382395735192 112.76382069723097 26.96572545719187 341.4394825346935 46.03942848106908 69.33640295797613 1.5897972907560385 476.70783268438026 7.264734543982693
11.659484438062721 3.786900011800899 0.2704225374741196 0.39515936488361103 5.223366849994609 1.511479425954201 6.457171242181194 72.79015810533355 22.675940276324784 833.0295687791287 10.013015322933336 51.86844619904328 0.47872987361994496 717.2315183765268 9.487035527028219
2.466698545483997 1.0448812925896098 0.981813653718305 0.3478825798414506 20.533315116923873 3.1131869097674483 1.3444797147832313 49.78768411573312 38.551803405576266 644.1403073140118 81.92904824049084 20.99697630941293 4.590495744763541 199.2839728177491 0.30861307620452005
2.9996522522113525 1.3688197617950308 0.7126510718020909 0.6264189631881782 13.968855194519803 2.165513272081626 16.63545841323075 106.47955444767476 22.82404985900197 590.3790098230697 13.034741627861267 81.93907094927758 2.4413844080621736 498.3015415829095 8.398871376592451
6.852974374915638 4.255178221235022 0.5904123643251112 0.8804668001110895 11.282791372574584 4.906687388752989 24.375819462320923 56.04867046930136 32.050178909737305 825.3185332631202 0.42886170120707784 39.98520378802411 0.9999835096834652 258.69649976747644 1.3014590549536162
17.23811110259144 3.546346762797196 0.9507544950867545 0.49455051628099506 13.226609133973069 1.4029143338908732 21.951761427938756 28.374719212861116 28.366635632973335 211.69292414137394 86.28284339396133 65.06539529995538 1.3004856402335965 54.23581652319362 3.4710728772498802
9.837663503737325 4.384696224441704 0.7876447575234785 0.4047388018656403 9.334212067256296 0.5982616672054315 18.256625938702737 101.93520103574174 20.54979143120256 338.2438678105025 29.25655547493325 35.03565645148227 1.4351537807442565 194.61692728898066 8.931018691003818
10.343874493236443 1.1005597415412207 0.6560917451861077 0.18255541339130738 1.7025565768042128 1.865024454233792 9.279409200871926 63.82541959289467 29.55112126480961 386.81862806114884 44.076989128731505 32.82310864815517 1.2815687572894052 790.6155866164966 6.341822163523007
14.027088878681116 1.2276087275176149 0.05739569326717023 0.6926352697599942 9.776352734535811 4.002413620101755 3.993559044720615 85.42799266078049 21.696756707326863 897.3310129951084 39.509554756078686 69.76745504851343 4.526029111576055 712.9712209209542 7.324878648477079
11.74172705818835 3.2998228366798448 0.551096824976404 0.8422843946615672 9.823678520150526 2.6815328356378436 20.043796854718583 25.677506269784224 35.71654647509871 995.2457481383835 59.64782948497591 59.59871185265412 0.2546990233168893 106.64152666913404 4.666027687761308
7.637004425977986 4.427200912575611 0.6890118118697438 0.32643005528667324 19.080763774571913 3.366871855554734 20.48932562401109 105.88706846757178 20.75639485637949 613.6651308231993 13.7804101078833 26.532073408636457 0.8863580274418427 637.0855827305288 1.9568480843133877
10.590508604395724 1.7682604880401707 0.36065015812149 0.8519579168762634 15.335538307019716 3.9415178694218955 26.672711765834958 40.12541194380431 22.192327117444247 242.170744478309 59.38473120004627 72.25864962620034 0.09626460234986137 612.130297505966 1.269598099773851
12.579186346300554 4.22767704909093 0.6974125088899465 0.9897097410216174 11.016419652107192 2.416873297969795 12.946815258721736 116.60099548856422 36.51001420355646 415.3292327302703 71.82460317905861 30.750161922733533 2.946869981540438 425.81942689609525 8.981462477724977
18.095116657746253 4.475192032727287 0.8746404305759226 0.9037389397487824 8.853709957678396 3.6449901194693655 24.541612238640163 23.98211740169476 31.476438258574493 225.05843789529317 7.894063482280115 37.24165031525396 3.386702031502063 726.7443411767686 2.760720969389427
5.894370643515503 2.7697719511798855 0.8990640846291535 0.5143315363482904 25.806216865051955 4.326161745742803 17.55326245634783 44.49048822208786 30.465657056450027 340.29373166418236 21.124043557366146 23.371707398419048 2.278082095157685 187.67301493973875 9.950635763537587
7.9434752185755215 3.2226212074559957 0.8053269131871099 0.3354868083155336 18.442506293272032 2.750115865118183 12.634927032772314 89.8480163994229 24.17209770986576 233.70878268284335 31.50689292047691 60.87360623908273 0.19863741637162324 390.8063715369039 0.9945815355721803
2.2539974326950345 1.7008745114307358 0.27489658286382235 0.2825950349601351 6.333128323914392 2.6969068798256077 8.894096936564061 109.15424067033653 27.85992425873426 783.3267930343228 76.24152770343944 36.710887259546254 3.0238423342902214 113.03399826492321 3.8954300541584623
10.29149900324191 3.4680975558549374 0.2890726598129946 0.9976262891721452 1.880061917942089 4.593115593602082 25.698813769821424 37.62574571458412 39.03279644406142 410.0204333073964 52.597922318708015 44.94311174247204 0.302858481944434 778.352666813818 4.242576104947835
6.694389091862641 3.2558053441125763 0.8083542471738995 0.1474470564773981 15.620155045375535 4.8600789160683435 16.46932324340369 115.84145496869534 23.128501030807524 589.2071011773266 47.458433840929004 56.839628925283606 1.9343564086004235 442.1384006560786 1.6950407944888692
3.813031257963053 1.1955416626812776 0.6815311338176674 0.29172054204609643 21.082623079646453 0.5669935612340758 16.870786393523478 79.32064337864287 24.708521267484908 484.6124879799327 55.78603575577522 60.57405395858313 0.8623767045268055 775.3803167354091 6.13086757746245
17.839034646147276 4.2442083227242895 0.15333372453559713 0.014420963253801357 28.987884546969763 1.937226962351255 29.092507589418663 20.28577854644837 34.00619995039479 966.9415521154452 36.714601643399455 67.81231001557433 0.010934553822041287 42.002835553008616 9.876124455235153
17.12774689956946 2.0671890808956697 0.004900297543507625 0.47237317282516184 26.503789065217884 2.2905163870311895 13.611856864600325 20.429756062987543 24.255961963993144 959.2293973398887 15.933942039839634 28.918016311489314 0.11050471413166064 783.6062680880024 6.473777142756829
14.755726801389667 2.568009085836347 0.061628167419150705 0.9601677468421298 13.05812685064168 4.302377153179766 2.183849291762718 44.84561700206435 32.39638053226232 671.3585983825352 27.311826242999995 42.63959822045224 4.0102622102964185 42.97930255702515 5.1554669110220415
16.61521468092921 2.6479961905225275 0.04732604401607683 0.44185130944203155 29.686110274917883 2.3780640891339715 1.251026041745166 94.4389183730805 28.487915103897883 945.9135130862632 42.798466942906146 34.46408913987121 0.9256453601227649 359.2864599180686 8.514428069322559
18.059494033784443 1.315560738834066 0.8330106158469158 0.9202165819561104 27.591166578173777 4.416208621778035 23.78117221004923 85.0164278513147 35.82595245912175 881.8066453776838 70.81231898286501 80.06470824579222 2.7118384940264644 752.0532328623339 1.7735251769358338
5.573460050699499 2.8267482011799405 0.7270757446636391 0.9501340789660705 14.999263699901967 2.7802847091529213 19.196804457142797 107.93816539861079 23.373832800091662 532.0507613951011 33.1330520327705 73.68835452203797 4.057991527855444 535.5377294090069 7.103722125262448
16.456227817177762 3.3447120523667566 0.010440241081226036 0.7626841470071327 28.21472549054363 3.614246765593967 22.959334414247117 91.54988050648585 25.534544925749955 822.1350122245404 79.93255951547945 84.70307730083222 3.7407352923551915 235.90155727233315 2.96291641964736
10.178059762370165 1.2942541560825387 0.4807022016748559 0.45720153082433357 22.82004304540971 0.9609345594049478 15.952126740757622 119.39332019866342 32.1398458501651 541.8577039253612 34.34450597613951 67.25645819995076 4.71432058683701 309.93933828073006 2.56221744938297
11.083366620032951 3.721227842455629 0.8783108242446543 0.20364026675639396 19.59528528359189 1.2800990939758894 18.928381923480035 81.31403260612439 30.59423148338877 950.6612034008837 22.916477881950083 20.090089688262466 1.86619158628702 292.8580263041927 1.184462008071029
5.246587745900964 3.525552576675191 0.21980179726416485 0.2375091812442796 1.5716103891158901 2.4569143669163767 7.236163150114701 119.15365137721673 28.0431852916674 811.3443684882723 76.71998734496735 44.413113193718644 4.980761172160491 80.42128948762323 7.461453777620972
16.736792030001183 4.7357092715624365 0.5587986969558525 0.8932883749878825 18.661526756115187 2.4806810734229607 12.213204742240551 66.24573768910217 28.915775319496507 368.1977186992764 81.03105305223532 48.535147016089965 2.4578470015727283 152.41074387169752 2.2337079419387478
16.11595793057728 2.709113971366091 0.8213075032441483 0.2528605131206088 7.893065149749293 1.6680158557027136 22.76995739328474 65.97072582568889 23.731830800728606 479.0560899170899 55.30598726771427 20.391026849801825 3.7225282759833753 375.9596784089199 3.963409189275437
2.856163301694588 2.852645040531737 0.3762083066055057 0.3169069626092702 19.841806434039746 2.9235662446893382 25.417967953938714 86.82503452619493 35.56073059518995 263.3429996571116 12.869210637770427 68.38764015496207 3.512634232383309 653.2583974887843 0.7173642651512929
7.703175829913023 1.5348270401383632 0.6217384144593086 0.2458882717286898 28.72932157435222 4.810963702822411 10.351499460736619 29.850724364389805 32.947440608460894 851.7082396968173 57.776818937444304 55.5897360865669 4.632190947828295 95.58474472924283 5.713933106527866
13.872317131303475 1.9349130520719582 0.28325865114356913 0.4101687854876699 22.552976839933763 3.4045751783643836 14.573288078685838 84.92856178385705 38.305803776895296 346.7022564147052 29.599201914802293 35.47247646812198 2.494270144762082 75.81644516455505 8.975660565720547
6.36778249615897 2.7245875974824667 0.015248341286972465 0.654641020057966 19.867084327284594 3.219578032218197 24.84720649509768 85.75555130448065 33.35670595216045 441.82835343418526 1.0800686007873885 68.26047244758243 1.1056527561435123 398.46566722516314 9.380622489965287
8.944883466758862 1.676323290702228 0.25436915706816104 0.73948640016467 3.8674942850891725 0.7705556403246231 14.047350201519045 50.749127204152366 33.01212215442543 901.2585205369004 88.28035328345092 65.4597717896651 0.2764828277037239 45.904668857369316 5.514109250790972
11.38778129606509 1.1385413212719542 0.1613503467666822 0.5943593608312953 28.881191018560568 0.807193580143417 25.061377984080707 110.05719691736806 26.925407517418876 495.72679333630265 61.62057810056827 55.459399414178925 4.765390511992395 267.5219917546258 4.6929436438157035
6.605912659610574 1.7558041701634708 0.451501362789504 0.18629700160592616 25.07100109986492 2.9948811513356044 27.046396320108 76.17644167743401 38.053431785524154 374.2460068503283 72.97471767322297 62.65487745115784 3.3080794266549685 602.2540399343063 8.102501295886041
14.900330102428876 2.949596270472359 0.01721867136388592 0.5022725586575342 10.17052697397878 4.45234909335161 28.549783918757356 44.17657360709646 26.71752600459706 565.4899432329677 52.17693429365436 38.55605602986866 3.8071056325891166 449.71423931453876 7.749155347128061
19.099892686465264 2.8751711484914697 0.8368495483281536 0.8488040601677524 9.209823500599573 2.710411546473296 23.155485448043024 75.67813997946669 32.24285422359016 744.1180652434763 22.37633874380705 55.209116849405355 0.21508562119687866 736.2239409086648 6.745664437036575
18.870103599079396 4.534597844089758 0.2375043458357522 0.9639618657513813 9.007205313832905 4.531074064990652 27.977553440042048 49.0095654218222 33.73996071282261 815.2021945487147 21.522791505371266 51.4706511862296 3.5258554025101487 540.6469799924478 8.084591213185504
9.187624140497824 1.0379440453346211 0.2595367045299364 0.07676505276988474 24.08147045914477 1.827686763696828 4.242244751431272 108.55672349978208 25.16290517328132 317.29717196323674 47.39476507836579 40.311106403548806 0.4043446228819592 298.87439319509383 8.637440098064324
5.014114631438616 2.484439763380503 0.8635099779756983 0.5773378905588309 9.953906116010065 2.1909770071527745 20.13884100340959 24.943190218697573 35.023381283328185 610.9381085552982 28.609115446304845 43.94865493470846 4.496368709594424 109.2060075973194 2.0809833455903686
19.155966404183708 3.101247120448631 0.16467691913827245 0.7771601781366954 3.0763879755939 3.9019845180468526 30.562683408994175 112.35048888144341 20.300797523876014 862.0026481308231 5.328996024680149 54.56742897115724 1.3960774415603874 446.18568829909583 0.8945165842325247
5.113856796030009 1.7257921544844015 0.1293727450473348 0.5116095201134631 2.778855837658864 4.081537916820086 3.2016798871128116 97.00469707411851 35.07639723467381 948.67809926298 8.251937034045355 70.94334459717413 4.170917080065622 182.41457518871886 0.5048967555775996
19.29171907206349 4.9671878241024086 0.22353177270067884 0.8887043845464404 6.622595123982492 0.8988890602752713 19.86080647310282 117.17130327209095 22.28255498053123 895.4123674720784 45.00052558053422 58.34247228389248 2.0986349713320265 334.42767606924826 3.0730668868453574
14.607202520875386 4.045097018417998 0.06819084046500937 0.24258897909076557 17.861433886847145 3.8556925760915197 5.03640436199005 77.69513373771723 22.079834014384307 855.7142300203842 68.63858920893685 57.677752406207254 0.059668247529129595 327.3380793992012 4.605077658822492
12.55668821400573 1.5070590180641483 0.5437976309849761 0.8439338204839506 23.316522940202702 0.5378097795749429 13.947303573515722 96.06607759449405 29.391285943658854 693.2886311028865 72.40040392326173 71.79265931068943 4.77609500316519 431.9270200937034 6.610929446151876
12.437572470471345 3.3205270671893214 0.6050100920186867 0.4514294340805358 8.085680009170941 1.2719662263467253 30.192080004079816 24.524741941206187 38.50956167145529 422.8442286977901 44.489929854474234 88.23570545319888 0.6956009880231068 503.44819327945794 5.2350888942231615
11.51491041952217 1.6249737682904362 0.6166328367153314 0.9424562518762071 14.261107604422396 1.7335767403691544 17.183206758607398 82.82134792890015 34.54429292962951 214.44734944667562 62.93906525067078 24.608387292033584 0.358401200607181 150.3876771586856 4.44128093054974
3.351792116099796 4.602539440778893 0.8598558880634957 0.8743060006549166 2.27467303468792 1.335338480263664 21.39959077202322 23.627029322715174 23.49675612525262 296.4829637163285 17.95832002106734 38.25805008232276 2.3674398313449507 289.1532500779674 9.354713018569292
